-1.7061363e+00    1.0000000e-08
-1.7061328e+00    2.7172868e-03
-1.7061221e+00    5.4242222e-03
-1.7061043e+00    8.1311170e-03
-1.7060795e+00    1.0837952e-02
-1.7060475e+00    1.3544707e-02
-1.7060085e+00    1.6251362e-02
-1.7059624e+00    1.8957896e-02
-1.7059092e+00    2.1664288e-02
-1.7058489e+00    2.4370519e-02
-1.7057815e+00    2.7076570e-02
-1.7057070e+00    2.9782422e-02
-1.7056254e+00    3.2488053e-02
-1.7055367e+00    3.5193444e-02
-1.7054410e+00    3.7898573e-02
-1.7053381e+00    4.0603421e-02
-1.7052282e+00    4.3307967e-02
-1.7051112e+00    4.6012191e-02
-1.7049871e+00    4.8716074e-02
-1.7048559e+00    5.1419595e-02
-1.7047177e+00    5.4122736e-02
-1.7045723e+00    5.6825475e-02
-1.7044199e+00    5.9527795e-02
-1.7042604e+00    6.2229674e-02
-1.7040938e+00    6.4931091e-02
-1.7039202e+00    6.7632027e-02
-1.7037395e+00    7.0332462e-02
-1.7035517e+00    7.3032375e-02
-1.7033568e+00    7.5731746e-02
-1.7031549e+00    7.8430556e-02
-1.7029459e+00    8.1128784e-02
-1.7027298e+00    8.3826410e-02
-1.7025067e+00    8.6523414e-02
-1.7022765e+00    8.9219778e-02
-1.7020392e+00    9.1915480e-02
-1.7017949e+00    9.4610502e-02
-1.7015435e+00    9.7304823e-02
-1.7012851e+00    9.9998424e-02
-1.7010196e+00    1.0269128e-01
-1.7007471e+00    1.0538338e-01
-1.7004675e+00    1.0807470e-01
-1.7001809e+00    1.1076522e-01
-1.6998873e+00    1.1345491e-01
-1.6995866e+00    1.1614377e-01
-1.6992788e+00    1.1883176e-01
-1.6989641e+00    1.2151888e-01
-1.6986423e+00    1.2420509e-01
-1.6983135e+00    1.2689038e-01
-1.6979776e+00    1.2957474e-01
-1.6976347e+00    1.3225813e-01
-1.6972848e+00    1.3494054e-01
-1.6969279e+00    1.3762196e-01
-1.6965640e+00    1.4030235e-01
-1.6961931e+00    1.4298171e-01
-1.6958151e+00    1.4566001e-01
-1.6954302e+00    1.4833723e-01
-1.6950382e+00    1.5101335e-01
-1.6946393e+00    1.5368836e-01
-1.6942333e+00    1.5636222e-01
-1.6938204e+00    1.5903493e-01
-1.6934004e+00    1.6170646e-01
-1.6929735e+00    1.6437679e-01
-1.6925396e+00    1.6704591e-01
-1.6920988e+00    1.6971379e-01
-1.6916509e+00    1.7238041e-01
-1.6911961e+00    1.7504575e-01
-1.6907343e+00    1.7770981e-01
-1.6902656e+00    1.8037254e-01
-1.6897899e+00    1.8303394e-01
-1.6893073e+00    1.8569399e-01
-1.6888177e+00    1.8835266e-01
-1.6883211e+00    1.9100994e-01
-1.6878176e+00    1.9366581e-01
-1.6873072e+00    1.9632025e-01
-1.6867898e+00    1.9897323e-01
-1.6862656e+00    2.0162474e-01
-1.6857343e+00    2.0427476e-01
-1.6851962e+00    2.0692327e-01
-1.6846512e+00    2.0957025e-01
-1.6840992e+00    2.1221568e-01
-1.6835404e+00    2.1485953e-01
-1.6829746e+00    2.1750180e-01
-1.6824019e+00    2.2014247e-01
-1.6818224e+00    2.2278150e-01
-1.6812360e+00    2.2541889e-01
-1.6806427e+00    2.2805461e-01
-1.6800425e+00    2.3068865e-01
-1.6794354e+00    2.3332098e-01
-1.6788215e+00    2.3595159e-01
-1.6782007e+00    2.3858045e-01
-1.6775730e+00    2.4120755e-01
-1.6769385e+00    2.4383287e-01
-1.6762972e+00    2.4645639e-01
-1.6756490e+00    2.4907809e-01
-1.6749940e+00    2.5169795e-01
-1.6743322e+00    2.5431595e-01
-1.6736635e+00    2.5693207e-01
-1.6729880e+00    2.5954629e-01
-1.6723057e+00    2.6215860e-01
-1.6716166e+00    2.6476897e-01
-1.6709207e+00    2.6737739e-01
-1.6702181e+00    2.6998383e-01
-1.6695086e+00    2.7258828e-01
-1.6687923e+00    2.7519072e-01
-1.6680693e+00    2.7779112e-01
-1.6673395e+00    2.8038948e-01
-1.6666029e+00    2.8298577e-01
-1.6658596e+00    2.8557997e-01
-1.6651095e+00    2.8817206e-01
-1.6643527e+00    2.9076203e-01
-1.6635891e+00    2.9334986e-01
-1.6628188e+00    2.9593552e-01
-1.6620418e+00    2.9851900e-01
-1.6612580e+00    3.0110027e-01
-1.6604676e+00    3.0367933e-01
-1.6596704e+00    3.0625615e-01
-1.6588666e+00    3.0883071e-01
-1.6580560e+00    3.1140300e-01
-1.6572388e+00    3.1397299e-01
-1.6564149e+00    3.1654066e-01
-1.6555843e+00    3.1910601e-01
-1.6547470e+00    3.2166900e-01
-1.6539031e+00    3.2422962e-01
-1.6530526e+00    3.2678786e-01
-1.6521954e+00    3.2934368e-01
-1.6513315e+00    3.3189709e-01
-1.6504611e+00    3.3444805e-01
-1.6495840e+00    3.3699654e-01
-1.6487003e+00    3.3954256e-01
-1.6478100e+00    3.4208607e-01
-1.6469131e+00    3.4462707e-01
-1.6460096e+00    3.4716553e-01
-1.6450995e+00    3.4970144e-01
-1.6441828e+00    3.5223478e-01
-1.6432596e+00    3.5476552e-01
-1.6423298e+00    3.5729365e-01
-1.6413935e+00    3.5981916e-01
-1.6404506e+00    3.6234202e-01
-1.6395012e+00    3.6486221e-01
-1.6385452e+00    3.6737973e-01
-1.6375827e+00    3.6989454e-01
-1.6366138e+00    3.7240663e-01
-1.6356383e+00    3.7491598e-01
-1.6346563e+00    3.7742259e-01
-1.6336678e+00    3.7992641e-01
-1.6326728e+00    3.8242745e-01
-1.6316714e+00    3.8492567e-01
-1.6306635e+00    3.8742107e-01
-1.6296492e+00    3.8991363e-01
-1.6286284e+00    3.9240332e-01
-1.6276011e+00    3.9489013e-01
-1.6265675e+00    3.9737404e-01
-1.6255274e+00    3.9985503e-01
-1.6244809e+00    4.0233309e-01
-1.6234280e+00    4.0480820e-01
-1.6223687e+00    4.0728033e-01
-1.6213030e+00    4.0974948e-01
-1.6202310e+00    4.1221563e-01
-1.6191525e+00    4.1467874e-01
-1.6180678e+00    4.1713882e-01
-1.6169766e+00    4.1959584e-01
-1.6158791e+00    4.2204979e-01
-1.6147753e+00    4.2450064e-01
-1.6136652e+00    4.2694837e-01
-1.6125488e+00    4.2939298e-01
-1.6114260e+00    4.3183445e-01
-1.6102970e+00    4.3427275e-01
-1.6091617e+00    4.3670786e-01
-1.6080201e+00    4.3913978e-01
-1.6068722e+00    4.4156849e-01
-1.6057181e+00    4.4399396e-01
-1.6045577e+00    4.4641618e-01
-1.6033911e+00    4.4883513e-01
-1.6022183e+00    4.5125080e-01
-1.6010392e+00    4.5366317e-01
-1.5998540e+00    4.5607221e-01
-1.5986625e+00    4.5847793e-01
-1.5974649e+00    4.6088028e-01
-1.5962610e+00    4.6327927e-01
-1.5950510e+00    4.6567487e-01
-1.5938349e+00    4.6806706e-01
-1.5926126e+00    4.7045583e-01
-1.5913842e+00    4.7284117e-01
-1.5901496e+00    4.7522305e-01
-1.5889089e+00    4.7760146e-01
-1.5876622e+00    4.7997637e-01
-1.5864093e+00    4.8234779e-01
-1.5851503e+00    4.8471568e-01
-1.5838853e+00    4.8708003e-01
-1.5826142e+00    4.8944082e-01
-1.5813370e+00    4.9179804e-01
-1.5800538e+00    4.9415168e-01
-1.5787645e+00    4.9650170e-01
-1.5774693e+00    4.9884811e-01
-1.5761680e+00    5.0119088e-01
-1.5748607e+00    5.0352999e-01
-1.5735475e+00    5.0586542e-01
-1.5722282e+00    5.0819718e-01
-1.5709030e+00    5.1052522e-01
-1.5695718e+00    5.1284955e-01
-1.5682347e+00    5.1517013e-01
-1.5668917e+00    5.1748697e-01
-1.5655427e+00    5.1980003e-01
-1.5641878e+00    5.2210931e-01
-1.5628270e+00    5.2441479e-01
-1.5614603e+00    5.2671645e-01
-1.5600878e+00    5.2901427e-01
-1.5587093e+00    5.3130824e-01
-1.5573251e+00    5.3359835e-01
-1.5559349e+00    5.3588458e-01
-1.5545390e+00    5.3816690e-01
-1.5531372e+00    5.4044532e-01
-1.5517296e+00    5.4271980e-01
-1.5503162e+00    5.4499034e-01
-1.5488970e+00    5.4725691e-01
-1.5474720e+00    5.4951951e-01
-1.5460413e+00    5.5177811e-01
-1.5446048e+00    5.5403271e-01
-1.5431626e+00    5.5628328e-01
-1.5417147e+00    5.5852981e-01
-1.5402610e+00    5.6077229e-01
-1.5388016e+00    5.6301069e-01
-1.5373366e+00    5.6524501e-01
-1.5358658e+00    5.6747522e-01
-1.5343894e+00    5.6970132e-01
-1.5329074e+00    5.7192329e-01
-1.5314197e+00    5.7414111e-01
-1.5299263e+00    5.7635476e-01
-1.5284273e+00    5.7856423e-01
-1.5269228e+00    5.8076952e-01
-1.5254126e+00    5.8297059e-01
-1.5238969e+00    5.8516743e-01
-1.5223756e+00    5.8736004e-01
-1.5208487e+00    5.8954840e-01
-1.5193163e+00    5.9173248e-01
-1.5177783e+00    5.9391228e-01
-1.5162348e+00    5.9608778e-01
-1.5146858e+00    5.9825897e-01
-1.5131314e+00    6.0042583e-01
-1.5115714e+00    6.0258834e-01
-1.5100060e+00    6.0474649e-01
-1.5084351e+00    6.0690028e-01
-1.5068588e+00    6.0904967e-01
-1.5052770e+00    6.1119466e-01
-1.5036898e+00    6.1333523e-01
-1.5020973e+00    6.1547138e-01
-1.5004993e+00    6.1760307e-01
-1.4988959e+00    6.1973031e-01
-1.4972872e+00    6.2185306e-01
-1.4956731e+00    6.2397133e-01
-1.4940537e+00    6.2608510e-01
-1.4924290e+00    6.2819435e-01
-1.4907989e+00    6.3029906e-01
-1.4891636e+00    6.3239923e-01
-1.4875230e+00    6.3449483e-01
-1.4858771e+00    6.3658586e-01
-1.4842259e+00    6.3867231e-01
-1.4825695e+00    6.4075414e-01
-1.4809078e+00    6.4283136e-01
-1.4792409e+00    6.4490395e-01
-1.4775689e+00    6.4697190e-01
-1.4758916e+00    6.4903518e-01
-1.4742092e+00    6.5109379e-01
-1.4725216e+00    6.5314772e-01
-1.4708288e+00    6.5519694e-01
-1.4691309e+00    6.5724145e-01
-1.4674279e+00    6.5928123e-01
-1.4657197e+00    6.6131627e-01
-1.4640065e+00    6.6334656e-01
-1.4622882e+00    6.6537207e-01
-1.4605648e+00    6.6739281e-01
-1.4588364e+00    6.6940875e-01
-1.4571029e+00    6.7141987e-01
-1.4553644e+00    6.7342618e-01
-1.4536209e+00    6.7542765e-01
-1.4518724e+00    6.7742427e-01
-1.4501189e+00    6.7941603e-01
-1.4483604e+00    6.8140291e-01
-1.4465970e+00    6.8338491e-01
-1.4448286e+00    6.8536200e-01
-1.4430553e+00    6.8733418e-01
-1.4412771e+00    6.8930143e-01
-1.4394940e+00    6.9126374e-01
-1.4377060e+00    6.9322110e-01
-1.4359132e+00    6.9517348e-01
-1.4341155e+00    6.9712089e-01
-1.4323129e+00    6.9906331e-01
-1.4305055e+00    7.0100072e-01
-1.4286934e+00    7.0293312e-01
-1.4268764e+00    7.0486048e-01
-1.4250546e+00    7.0678280e-01
-1.4232281e+00    7.0870007e-01
-1.4213968e+00    7.1061227e-01
-1.4195607e+00    7.1251939e-01
-1.4177200e+00    7.1442141e-01
-1.4158745e+00    7.1631833e-01
-1.4140244e+00    7.1821013e-01
-1.4121695e+00    7.2009681e-01
-1.4103100e+00    7.2197834e-01
-1.4084459e+00    7.2385471e-01
-1.4065771e+00    7.2572592e-01
-1.4047037e+00    7.2759195e-01
-1.4028257e+00    7.2945279e-01
-1.4009431e+00    7.3130843e-01
-1.3990559e+00    7.3315885e-01
-1.3971641e+00    7.3500405e-01
-1.3952679e+00    7.3684401e-01
-1.3933670e+00    7.3867872e-01
-1.3914617e+00    7.4050817e-01
-1.3895519e+00    7.4233234e-01
-1.3876376e+00    7.4415123e-01
-1.3857188e+00    7.4596482e-01
-1.3837956e+00    7.4777310e-01
-1.3818679e+00    7.4957606e-01
-1.3799358e+00    7.5137370e-01
-1.3779993e+00    7.5316599e-01
-1.3760584e+00    7.5495292e-01
-1.3741132e+00    7.5673449e-01
-1.3721636e+00    7.5851068e-01
-1.3702096e+00    7.6028148e-01
-1.3682513e+00    7.6204689e-01
-1.3662887e+00    7.6380688e-01
-1.3643218e+00    7.6556146e-01
-1.3623506e+00    7.6731060e-01
-1.3603751e+00    7.6905429e-01
-1.3583954e+00    7.7079253e-01
-1.3564114e+00    7.7252531e-01
-1.3544233e+00    7.7425261e-01
-1.3524309e+00    7.7597442e-01
-1.3504343e+00    7.7769074e-01
-1.3484336e+00    7.7940155e-01
-1.3464287e+00    7.8110683e-01
-1.3444197e+00    7.8280659e-01
-1.3424065e+00    7.8450081e-01
-1.3403892e+00    7.8618947e-01
-1.3383679e+00    7.8787258e-01
-1.3363424e+00    7.8955011e-01
-1.3343129e+00    7.9122206e-01
-1.3322794e+00    7.9288842e-01
-1.3302418e+00    7.9454917e-01
-1.3282002e+00    7.9620432e-01
-1.3261546e+00    7.9785383e-01
-1.3241051e+00    7.9949772e-01
-1.3220515e+00    8.0113596e-01
-1.3199940e+00    8.0276855e-01
-1.3179326e+00    8.0439548e-01
-1.3158673e+00    8.0601673e-01
-1.3137981e+00    8.0763230e-01
-1.3117250e+00    8.0924217e-01
-1.3096480e+00    8.1084634e-01
-1.3075671e+00    8.1244481e-01
-1.3054825e+00    8.1403754e-01
-1.3033940e+00    8.1562455e-01
-1.3013017e+00    8.1720581e-01
-1.2992056e+00    8.1878133e-01
-1.2971058e+00    8.2035108e-01
-1.2950022e+00    8.2191506e-01
-1.2928949e+00    8.2347327e-01
-1.2907838e+00    8.2502568e-01
-1.2886691e+00    8.2657230e-01
-1.2865506e+00    8.2811311e-01
-1.2844285e+00    8.2964811e-01
-1.2823028e+00    8.3117728e-01
-1.2801734e+00    8.3270061e-01
-1.2780403e+00    8.3421810e-01
-1.2759037e+00    8.3572974e-01
-1.2737635e+00    8.3723552e-01
-1.2716197e+00    8.3873542e-01
-1.2694724e+00    8.4022945e-01
-1.2673215e+00    8.4171759e-01
-1.2651671e+00    8.4319984e-01
-1.2630092e+00    8.4467617e-01
-1.2608479e+00    8.4614660e-01
-1.2586830e+00    8.4761110e-01
-1.2565147e+00    8.4906967e-01
-1.2543430e+00    8.5052230e-01
-1.2521678e+00    8.5196898e-01
-1.2499893e+00    8.5340971e-01
-1.2478073e+00    8.5484447e-01
-1.2456220e+00    8.5627326e-01
-1.2434333e+00    8.5769607e-01
-1.2412413e+00    8.5911289e-01
-1.2390460e+00    8.6052371e-01
-1.2368474e+00    8.6192853e-01
-1.2346455e+00    8.6332733e-01
-1.2324403e+00    8.6472011e-01
-1.2302319e+00    8.6610686e-01
-1.2280203e+00    8.6748758e-01
-1.2258054e+00    8.6886225e-01
-1.2235874e+00    8.7023086e-01
-1.2213661e+00    8.7159342e-01
-1.2191417e+00    8.7294991e-01
-1.2169142e+00    8.7430032e-01
-1.2146835e+00    8.7564465e-01
-1.2124497e+00    8.7698289e-01
-1.2102129e+00    8.7831503e-01
-1.2079729e+00    8.7964107e-01
-1.2057299e+00    8.8096099e-01
-1.2034838e+00    8.8227479e-01
-1.2012347e+00    8.8358246e-01
-1.1989826e+00    8.8488400e-01
-1.1967275e+00    8.8617940e-01
-1.1944695e+00    8.8746865e-01
-1.1922085e+00    8.8875174e-01
-1.1899445e+00    8.9002867e-01
-1.1876776e+00    8.9129943e-01
-1.1854079e+00    8.9256401e-01
-1.1831352e+00    8.9382241e-01
-1.1808597e+00    8.9507462e-01
-1.1785813e+00    8.9632063e-01
-1.1763001e+00    8.9756044e-01
-1.1740160e+00    8.9879403e-01
-1.1717292e+00    9.0002141e-01
-1.1694396e+00    9.0124257e-01
-1.1671472e+00    9.0245749e-01
-1.1648521e+00    9.0366618e-01
-1.1625542e+00    9.0486863e-01
-1.1602536e+00    9.0606483e-01
-1.1579504e+00    9.0725477e-01
-1.1556445e+00    9.0843845e-01
-1.1533359e+00    9.0961586e-01
-1.1510246e+00    9.1078700e-01
-1.1487108e+00    9.1195186e-01
-1.1463943e+00    9.1311043e-01
-1.1440752e+00    9.1426271e-01
-1.1417536e+00    9.1540870e-01
-1.1394294e+00    9.1654838e-01
-1.1371027e+00    9.1768175e-01
-1.1347735e+00    9.1880880e-01
-1.1324418e+00    9.1992953e-01
-1.1301076e+00    9.2104394e-01
-1.1277709e+00    9.2215202e-01
-1.1254318e+00    9.2325375e-01
-1.1230902e+00    9.2434915e-01
-1.1207462e+00    9.2543819e-01
-1.1183999e+00    9.2652088e-01
-1.1160512e+00    9.2759722e-01
-1.1137001e+00    9.2866718e-01
-1.1113467e+00    9.2973078e-01
-1.1089909e+00    9.3078800e-01
-1.1066328e+00    9.3183884e-01
-1.1042725e+00    9.3288330e-01
-1.1019099e+00    9.3392137e-01
-1.0995450e+00    9.3495304e-01
-1.0971780e+00    9.3597831e-01
-1.0948087e+00    9.3699718e-01
-1.0924372e+00    9.3800963e-01
-1.0900635e+00    9.3901567e-01
-1.0876876e+00    9.4001530e-01
-1.0853096e+00    9.4100849e-01
-1.0829295e+00    9.4199526e-01
-1.0805473e+00    9.4297560e-01
-1.0781630e+00    9.4394950e-01
-1.0757766e+00    9.4491696e-01
-1.0733882e+00    9.4587797e-01
-1.0709977e+00    9.4683253e-01
-1.0686053e+00    9.4778063e-01
-1.0662108e+00    9.4872228e-01
-1.0638143e+00    9.4965746e-01
-1.0614159e+00    9.5058617e-01
-1.0590155e+00    9.5150841e-01
-1.0566132e+00    9.5242418e-01
-1.0542090e+00    9.5333347e-01
-1.0518029e+00    9.5423627e-01
-1.0493949e+00    9.5513259e-01
-1.0469851e+00    9.5602241e-01
-1.0445734e+00    9.5690574e-01
-1.0421599e+00    9.5778257e-01
-1.0397446e+00    9.5865290e-01
-1.0373276e+00    9.5951672e-01
-1.0349087e+00    9.6037403e-01
-1.0324882e+00    9.6122483e-01
-1.0300658e+00    9.6206911e-01
-1.0276418e+00    9.6290687e-01
-1.0252161e+00    9.6373811e-01
-1.0227887e+00    9.6456282e-01
-1.0203597e+00    9.6538100e-01
-1.0179290e+00    9.6619264e-01
-1.0154967e+00    9.6699776e-01
-1.0130628e+00    9.6779633e-01
-1.0106273e+00    9.6858836e-01
-1.0081902e+00    9.6937384e-01
-1.0057516e+00    9.7015277e-01
-1.0033115e+00    9.7092516e-01
-1.0008698e+00    9.7169099e-01
-9.9842668e-01    9.7245026e-01
-9.9598206e-01    9.7320297e-01
-9.9353599e-01    9.7394912e-01
-9.9108848e-01    9.7468871e-01
-9.8863954e-01    9.7542173e-01
-9.8618921e-01    9.7614817e-01
-9.8373749e-01    9.7686805e-01
-9.8128440e-01    9.7758135e-01
-9.7882996e-01    9.7828807e-01
-9.7637420e-01    9.7898821e-01
-9.7391712e-01    9.7968177e-01
-9.7145875e-01    9.8036875e-01
-9.6899910e-01    9.8104914e-01
-9.6653820e-01    9.8172294e-01
-9.6407605e-01    9.8239015e-01
-9.6161269e-01    9.8305077e-01
-9.5914812e-01    9.8370479e-01
-9.5668237e-01    9.8435222e-01
-9.5421545e-01    9.8499305e-01
-9.5174738e-01    9.8562727e-01
-9.4927818e-01    9.8625490e-01
-9.4680787e-01    9.8687592e-01
-9.4433647e-01    9.8749034e-01
-9.4186399e-01    9.8809815e-01
-9.3939045e-01    9.8869935e-01
-9.3691588e-01    9.8929395e-01
-9.3444028e-01    9.8988193e-01
-9.3196368e-01    9.9046330e-01
-9.2948610e-01    9.9103805e-01
-9.2700755e-01    9.9160619e-01
-9.2452805e-01    9.9216771e-01
-9.2204762e-01    9.9272262e-01
-9.1956628e-01    9.9327090e-01
-9.1708404e-01    9.9381257e-01
-9.1460093e-01    9.9434761e-01
-9.1211696e-01    9.9487604e-01
-9.0963215e-01    9.9539784e-01
-9.0714652e-01    9.9591301e-01
-9.0466009e-01    9.9642156e-01
-9.0217288e-01    9.9692349e-01
-8.9968489e-01    9.9741879e-01
-8.9719616e-01    9.9790746e-01
-8.9470670e-01    9.9838951e-01
-8.9221653e-01    9.9886492e-01
-8.8972566e-01    9.9933371e-01
-8.8723412e-01    9.9979587e-01
-8.8474191e-01    1.0002514e+00
-8.8224907e-01    1.0007003e+00
-8.7975561e-01    1.0011426e+00
-8.7726155e-01    1.0015782e+00
-8.7476690e-01    1.0020072e+00
-8.7227168e-01    1.0024296e+00
-8.6977592e-01    1.0028454e+00
-8.6727962e-01    1.0032545e+00
-8.6478281e-01    1.0036570e+00
-8.6228551e-01    1.0040528e+00
-8.5978773e-01    1.0044420e+00
-8.5728950e-01    1.0048246e+00
-8.5479082e-01    1.0052006e+00
-8.5229172e-01    1.0055699e+00
-8.4979222e-01    1.0059326e+00
-8.4729234e-01    1.0062887e+00
-8.4479208e-01    1.0066381e+00
-8.4229148e-01    1.0069810e+00
-8.3979054e-01    1.0073171e+00
-8.3728930e-01    1.0076467e+00
-8.3478775e-01    1.0079696e+00
-8.3228593e-01    1.0082859e+00
-8.2978386e-01    1.0085956e+00
-8.2728154e-01    1.0088987e+00
-8.2477900e-01    1.0091951e+00
-8.2227625e-01    1.0094849e+00
-8.1977332e-01    1.0097681e+00
-8.1727021e-01    1.0100447e+00
-8.1476696e-01    1.0103146e+00
-8.1226358e-01    1.0105779e+00
-8.0976008e-01    1.0108346e+00
-8.0725648e-01    1.0110847e+00
-8.0475281e-01    1.0113282e+00
-8.0224908e-01    1.0115651e+00
-7.9974530e-01    1.0117953e+00
-7.9724150e-01    1.0120189e+00
-7.9473769e-01    1.0122360e+00
-7.9223390e-01    1.0124464e+00
-7.8973013e-01    1.0126502e+00
-7.8722641e-01    1.0128474e+00
-7.8472276e-01    1.0130380e+00
-7.8221919e-01    1.0132220e+00
-7.7971572e-01    1.0133994e+00
-7.7721238e-01    1.0135701e+00
-7.7470917e-01    1.0137343e+00
-7.7220611e-01    1.0138919e+00
-7.6970323e-01    1.0140429e+00
-7.6720054e-01    1.0141874e+00
-7.6469806e-01    1.0143252e+00
-7.6219580e-01    1.0144564e+00
-7.5969379e-01    1.0145811e+00
-7.5719205e-01    1.0146991e+00
-7.5469058e-01    1.0148106e+00
-7.5218941e-01    1.0149155e+00
-7.4968856e-01    1.0150138e+00
-7.4718805e-01    1.0151056e+00
-7.4468788e-01    1.0151908e+00
-7.4218809e-01    1.0152694e+00
-7.3968868e-01    1.0153414e+00
-7.3718968e-01    1.0154069e+00
-7.3469110e-01    1.0154658e+00
-7.3219296e-01    1.0155182e+00
-7.2969529e-01    1.0155640e+00
-7.2719809e-01    1.0156032e+00
-7.2470138e-01    1.0156359e+00
-7.2220518e-01    1.0156621e+00
-7.1970952e-01    1.0156817e+00
-7.1721440e-01    1.0156948e+00
-7.1471985e-01    1.0157013e+00
-7.1222588e-01    1.0157013e+00
-7.0973252e-01    1.0156947e+00
-7.0723977e-01    1.0156817e+00
-7.0474766e-01    1.0156620e+00
-7.0225620e-01    1.0156359e+00
-6.9976541e-01    1.0156033e+00
-6.9727532e-01    1.0155641e+00
-6.9478592e-01    1.0155184e+00
-6.9229726e-01    1.0154663e+00
-6.8980934e-01    1.0154076e+00
-6.8732217e-01    1.0153424e+00
-6.8483579e-01    1.0152707e+00
-6.8235020e-01    1.0151925e+00
-6.7986542e-01    1.0151078e+00
-6.7738147e-01    1.0150166e+00
-6.7489837e-01    1.0149190e+00
-6.7241613e-01    1.0148148e+00
-6.6993478e-01    1.0147042e+00
-6.6745433e-01    1.0145871e+00
-6.6497479e-01    1.0144636e+00
-6.6249619e-01    1.0143336e+00
-6.6001855e-01    1.0141971e+00
-6.5754187e-01    1.0140542e+00
-6.5506618e-01    1.0139048e+00
-6.5259150e-01    1.0137489e+00
-6.5011784e-01    1.0135867e+00
-6.4764522e-01    1.0134179e+00
-6.4517365e-01    1.0132428e+00
-6.4270317e-01    1.0130612e+00
-6.4023377e-01    1.0128732e+00
-6.3776548e-01    1.0126788e+00
-6.3529832e-01    1.0124779e+00
-6.3283231e-01    1.0122706e+00
-6.3036745e-01    1.0120570e+00
-6.2790378e-01    1.0118369e+00
-6.2544130e-01    1.0116104e+00
-6.2298004e-01    1.0113776e+00
-6.2052000e-01    1.0111383e+00
-6.1806122e-01    1.0108927e+00
-6.1560369e-01    1.0106407e+00
-6.1314746e-01    1.0103823e+00
-6.1069252e-01    1.0101175e+00
-6.0823890e-01    1.0098464e+00
-6.0578661e-01    1.0095689e+00
-6.0333567e-01    1.0092851e+00
-6.0088610e-01    1.0089949e+00
-5.9843792e-01    1.0086984e+00
-5.9599114e-01    1.0083955e+00
-5.9354578e-01    1.0080863e+00
-5.9110186e-01    1.0077708e+00
-5.8865939e-01    1.0074490e+00
-5.8621839e-01    1.0071208e+00
-5.8377888e-01    1.0067863e+00
-5.8134088e-01    1.0064456e+00
-5.7890440e-01    1.0060985e+00
-5.7646945e-01    1.0057451e+00
-5.7403607e-01    1.0053855e+00
-5.7160425e-01    1.0050196e+00
-5.6917403e-01    1.0046474e+00
-5.6674542e-01    1.0042689e+00
-5.6431842e-01    1.0038842e+00
-5.6189307e-01    1.0034932e+00
-5.5946938e-01    1.0030959e+00
-5.5704736e-01    1.0026924e+00
-5.5462704e-01    1.0022827e+00
-5.5220842e-01    1.0018668e+00
-5.4979152e-01    1.0014446e+00
-5.4737637e-01    1.0010162e+00
-5.4496298e-01    1.0005815e+00
-5.4255137e-01    1.0001407e+00
-5.4014154e-01    9.9969369e-01
-5.3773353e-01    9.9924047e-01
-5.3532734e-01    9.9878106e-01
-5.3292300e-01    9.9831547e-01
-5.3052051e-01    9.9784371e-01
-5.2811990e-01    9.9736578e-01
-5.2572119e-01    9.9688169e-01
-5.2332438e-01    9.9639144e-01
-5.2092950e-01    9.9589505e-01
-5.1853656e-01    9.9539252e-01
-5.1614558e-01    9.9488385e-01
-5.1375658e-01    9.9436906e-01
-5.1136957e-01    9.9384815e-01
-5.0898456e-01    9.9332113e-01
-5.0660159e-01    9.9278800e-01
-5.0422065e-01    9.9224878e-01
-5.0184178e-01    9.9170346e-01
-4.9946498e-01    9.9115206e-01
-4.9709027e-01    9.9059459e-01
-4.9471766e-01    9.9003104e-01
-4.9234719e-01    9.8946144e-01
-4.8997885e-01    9.8888578e-01
-4.8761267e-01    9.8830408e-01
-4.8524867e-01    9.8771633e-01
-4.8288685e-01    9.8712256e-01
-4.8052724e-01    9.8652276e-01
-4.7816985e-01    9.8591695e-01
-4.7581470e-01    9.8530513e-01
-4.7346181e-01    9.8468732e-01
-4.7111119e-01    9.8406351e-01
-4.6876285e-01    9.8343371e-01
-4.6641682e-01    9.8279794e-01
-4.6407311e-01    9.8215620e-01
-4.6173173e-01    9.8150850e-01
-4.5939271e-01    9.8085485e-01
-4.5705606e-01    9.8019526e-01
-4.5472179e-01    9.7952973e-01
-4.5238992e-01    9.7885828e-01
-4.5006046e-01    9.7818090e-01
-4.4773344e-01    9.7749762e-01
-4.4540887e-01    9.7680843e-01
-4.4308677e-01    9.7611335e-01
-4.4076714e-01    9.7541238e-01
-4.3845001e-01    9.7470554e-01
-4.3613539e-01    9.7399283e-01
-4.3382331e-01    9.7327426e-01
-4.3151376e-01    9.7254984e-01
-4.2920678e-01    9.7181958e-01
-4.2690237e-01    9.7108349e-01
-4.2460056e-01    9.7034157e-01
-4.2230135e-01    9.6959384e-01
-4.2000477e-01    9.6884030e-01
-4.1771083e-01    9.6808096e-01
-4.1541954e-01    9.6731583e-01
-4.1313093e-01    9.6654493e-01
-4.1084500e-01    9.6576826e-01
-4.0856177e-01    9.6498582e-01
-4.0628126e-01    9.6419764e-01
-4.0400349e-01    9.6340371e-01
-4.0172846e-01    9.6260404e-01
-3.9945620e-01    9.6179866e-01
-3.9718672e-01    9.6098756e-01
-3.9492004e-01    9.6017076e-01
-3.9265617e-01    9.5934826e-01
-3.9039513e-01    9.5852007e-01
-3.8813693e-01    9.5768621e-01
-3.8588159e-01    9.5684669e-01
-3.8362912e-01    9.5600151e-01
-3.8137954e-01    9.5515068e-01
-3.7913287e-01    9.5429421e-01
-3.7688912e-01    9.5343212e-01
-3.7464830e-01    9.5256441e-01
-3.7241044e-01    9.5169109e-01
-3.7017554e-01    9.5081218e-01
-3.6794362e-01    9.4992768e-01
-3.6571470e-01    9.4903760e-01
-3.6348879e-01    9.4814196e-01
-3.6126591e-01    9.4724076e-01
-3.5904607e-01    9.4633401e-01
-3.5682929e-01    9.4542173e-01
-3.5461558e-01    9.4450393e-01
-3.5240497e-01    9.4358060e-01
-3.5019745e-01    9.4265178e-01
-3.4799305e-01    9.4171746e-01
-3.4579179e-01    9.4077766e-01
-3.4359368e-01    9.3983238e-01
-3.4139873e-01    9.3888165e-01
-3.3920696e-01    9.3792546e-01
-3.3701838e-01    9.3696383e-01
-3.3483301e-01    9.3599677e-01
-3.3265087e-01    9.3502429e-01
-3.3047196e-01    9.3404641e-01
-3.2829631e-01    9.3306313e-01
-3.2612392e-01    9.3207446e-01
-3.2395482e-01    9.3108042e-01
-3.2178902e-01    9.3008102e-01
-3.1962653e-01    9.2907626e-01
-3.1746737e-01    9.2806616e-01
-3.1531155e-01    9.2705074e-01
-3.1315908e-01    9.2602999e-01
-3.1100999e-01    9.2500394e-01
-3.0886429e-01    9.2397259e-01
-3.0672199e-01    9.2293596e-01
-3.0458310e-01    9.2189406e-01
-3.0244764e-01    9.2084689e-01
-3.0031563e-01    9.1979448e-01
-2.9818708e-01    9.1873683e-01
-2.9606201e-01    9.1767395e-01
-2.9394042e-01    9.1660586e-01
-2.9182233e-01    9.1553257e-01
-2.8970777e-01    9.1445409e-01
-2.8759673e-01    9.1337043e-01
-2.8548924e-01    9.1228160e-01
-2.8338531e-01    9.1118762e-01
-2.8128496e-01    9.1008850e-01
-2.7918820e-01    9.0898425e-01
-2.7709504e-01    9.0787488e-01
-2.7500550e-01    9.0676041e-01
-2.7291959e-01    9.0564084e-01
-2.7083733e-01    9.0451620e-01
-2.6875873e-01    9.0338648e-01
-2.6668381e-01    9.0225172e-01
-2.6461258e-01    9.0111190e-01
-2.6254504e-01    8.9996706e-01
-2.6048123e-01    8.9881720e-01
-2.5842115e-01    8.9766234e-01
-2.5636481e-01    8.9650249e-01
-2.5431223e-01    8.9533765e-01
-2.5226343e-01    8.9416785e-01
-2.5021842e-01    8.9299310e-01
-2.4817720e-01    8.9181341e-01
-2.4613980e-01    8.9062879e-01
-2.4410624e-01    8.8943925e-01
-2.4207651e-01    8.8824482e-01
-2.4005064e-01    8.8704550e-01
-2.3802865e-01    8.8584130e-01
-2.3601054e-01    8.8463225e-01
-2.3399632e-01    8.8341834e-01
-2.3198602e-01    8.8219960e-01
-2.2997965e-01    8.8097604e-01
-2.2797721e-01    8.7974768e-01
-2.2597873e-01    8.7851452e-01
-2.2398422e-01    8.7727658e-01
-2.2199368e-01    8.7603388e-01
-2.2000714e-01    8.7478642e-01
-2.1802461e-01    8.7353422e-01
-2.1604610e-01    8.7227730e-01
-2.1407162e-01    8.7101568e-01
-2.1210119e-01    8.6974935e-01
-2.1013483e-01    8.6847834e-01
-2.0817254e-01    8.6720267e-01
-2.0621433e-01    8.6592234e-01
-2.0426023e-01    8.6463737e-01
-2.0231025e-01    8.6334777e-01
-2.0036439e-01    8.6205357e-01
-1.9842267e-01    8.6075476e-01
-1.9648511e-01    8.5945138e-01
-1.9455172e-01    8.5814343e-01
-1.9262251e-01    8.5683092e-01
-1.9069749e-01    8.5551388e-01
-1.8877668e-01    8.5419232e-01
-1.8686009e-01    8.5286624e-01
-1.8494773e-01    8.5153567e-01
-1.8303962e-01    8.5020063e-01
-1.8113577e-01    8.4886112e-01
-1.7923620e-01    8.4751716e-01
-1.7734090e-01    8.4616877e-01
-1.7544991e-01    8.4481596e-01
-1.7356323e-01    8.4345874e-01
-1.7168087e-01    8.4209714e-01
-1.6980285e-01    8.4073116e-01
-1.6792918e-01    8.3936083e-01
-1.6605987e-01    8.3798616e-01
-1.6419494e-01    8.3660716e-01
-1.6233439e-01    8.3522385e-01
-1.6047825e-01    8.3383625e-01
-1.5862652e-01    8.3244436e-01
-1.5677921e-01    8.3104822e-01
-1.5493634e-01    8.2964782e-01
-1.5309793e-01    8.2824320e-01
-1.5126397e-01    8.2683436e-01
-1.4943450e-01    8.2542131e-01
-1.4760951e-01    8.2400409e-01
-1.4578902e-01    8.2258270e-01
-1.4397304e-01    8.2115716e-01
-1.4216160e-01    8.1972748e-01
-1.4035468e-01    8.1829369e-01
-1.3855232e-01    8.1685580e-01
-1.3675452e-01    8.1541381e-01
-1.3496130e-01    8.1396777e-01
-1.3317266e-01    8.1251767e-01
-1.3138862e-01    8.1106353e-01
-1.2960920e-01    8.0960538e-01
-1.2783439e-01    8.0814322e-01
-1.2606422e-01    8.0667708e-01
-1.2429870e-01    8.0520698e-01
-1.2253784e-01    8.0373292e-01
-1.2078165e-01    8.0225493e-01
-1.1903014e-01    8.0077303e-01
-1.1728332e-01    7.9928722e-01
-1.1554122e-01    7.9779754e-01
-1.1380383e-01    7.9630399e-01
-1.1207117e-01    7.9480659e-01
-1.1034325e-01    7.9330537e-01
-1.0862009e-01    7.9180034e-01
-1.0690169e-01    7.9029151e-01
-1.0518807e-01    7.8877890e-01
-1.0347924e-01    7.8726254e-01
-1.0177521e-01    7.8574244e-01
-1.0007600e-01    7.8421862e-01
-9.8381600e-02    7.8269110e-01
-9.6692040e-02    7.8115989e-01
-9.5007326e-02    7.7962501e-01
-9.3327470e-02    7.7808649e-01
-9.1652482e-02    7.7654433e-01
-8.9982375e-02    7.7499856e-01
-8.8317160e-02    7.7344920e-01
-8.6656847e-02    7.7189627e-01
-8.5001449e-02    7.7033978e-01
-8.3350976e-02    7.6877975e-01
-8.1705439e-02    7.6721620e-01
-8.0064849e-02    7.6564916e-01
-7.8429218e-02    7.6407863e-01
-7.6798557e-02    7.6250465e-01
-7.5172876e-02    7.6092722e-01
-7.3552186e-02    7.5934637e-01
-7.1936499e-02    7.5776212e-01
-7.0325825e-02    7.5617448e-01
-6.8720175e-02    7.5458348e-01
-6.7119560e-02    7.5298914e-01
-6.5523990e-02    7.5139147e-01
-6.3933477e-02    7.4979050e-01
-6.2348030e-02    7.4818624e-01
-6.0767661e-02    7.4657872e-01
-5.9192380e-02    7.4496795e-01
-5.7622198e-02    7.4335395e-01
-5.6057125e-02    7.4173675e-01
-5.4497172e-02    7.4011637e-01
-5.2942348e-02    7.3849282e-01
-5.1392665e-02    7.3686613e-01
-4.9848133e-02    7.3523632e-01
-4.8308761e-02    7.3360341e-01
-4.6774561e-02    7.3196741e-01
-4.5245542e-02    7.3032835e-01
-4.3721715e-02    7.2868626e-01
-4.2203090e-02    7.2704114e-01
-4.0689676e-02    7.2539303e-01
-3.9181485e-02    7.2374194e-01
-3.7678525e-02    7.2208789e-01
-3.6180806e-02    7.2043092e-01
-3.4688340e-02    7.1877102e-01
-3.3201135e-02    7.1710824e-01
-3.1719201e-02    7.1544259e-01
-3.0242548e-02    7.1377410e-01
-2.8771186e-02    7.1210278e-01
-2.7305124e-02    7.1042865e-01
-2.5844372e-02    7.0875174e-01
-2.4388940e-02    7.0707208e-01
-2.2938837e-02    7.0538968e-01
-2.1494072e-02    7.0370456e-01
-2.0054655e-02    7.0201675e-01
-1.8620596e-02    7.0032627e-01
-1.7191903e-02    6.9863315e-01
-1.5768586e-02    6.9693740e-01
-1.4350654e-02    6.9523905e-01
-1.2938117e-02    6.9353812e-01
-1.1530983e-02    6.9183464e-01
-1.0129261e-02    6.9012862e-01
-8.7329609e-03    6.8842010e-01
-7.3420913e-03    6.8670909e-01
-5.9566611e-03    6.8499562e-01
-4.5766791e-03    6.8327971e-01
-3.2021541e-03    6.8156139e-01
-1.8330949e-03    6.7984068e-01
-4.6951014e-04    6.7811760e-01
 8.8859151e-04    6.7639217e-01
 2.2412015e-03    6.7466443e-01
 3.5883112e-03    6.7293440e-01
 4.9299122e-03    6.7120209e-01
 6.2659961e-03    6.6946754e-01
 7.5965546e-03    6.6773077e-01
 8.9215793e-03    6.6599180e-01
 1.0241062e-02    6.6425067e-01
 1.1554994e-02    6.6250738e-01
 1.2863368e-02    6.6076198e-01
 1.4166176e-02    6.5901447e-01
 1.5463409e-02    6.5726490e-01
 1.6755060e-02    6.5551328e-01
 1.8041121e-02    6.5375965e-01
 1.9321584e-02    6.5200401e-01
 2.0596441e-02    6.5024641e-01
 2.1865684e-02    6.4848687e-01
 2.3129306e-02    6.4672541e-01
 2.4387300e-02    6.4496206e-01
 2.5639657e-02    6.4319685e-01
 2.6886371e-02    6.4142980e-01
 2.8127434e-02    6.3966093e-01
 2.9362838e-02    6.3789028e-01
 3.0592577e-02    6.3611788e-01
 3.1816643e-02    6.3434374e-01
 3.3035030e-02    6.3256790e-01
 3.4247729e-02    6.3079038e-01
 3.5454735e-02    6.2901121e-01
 3.6656040e-02    6.2723042e-01
 3.7851638e-02    6.2544804e-01
 3.9041521e-02    6.2366408e-01
 4.0225683e-02    6.2187859e-01
 4.1404118e-02    6.2009158e-01
 4.2576819e-02    6.1830310e-01
 4.3743779e-02    6.1651315e-01
 4.4904993e-02    6.1472178e-01
 4.6060453e-02    6.1292901e-01
 4.7210154e-02    6.1113487e-01
 4.8354090e-02    6.0933939e-01
 4.9492254e-02    6.0754260e-01
 5.0624640e-02    6.0574452e-01
 5.1751243e-02    6.0394519e-01
 5.2872057e-02    6.0214463e-01
 5.3987076e-02    6.0034288e-01
 5.5096294e-02    5.9853996e-01
 5.6199706e-02    5.9673590e-01
 5.7297306e-02    5.9493074e-01
 5.8389089e-02    5.9312449e-01
 5.9475050e-02    5.9131721e-01
 6.0555183e-02    5.8950890e-01
 6.1629483e-02    5.8769961e-01
 6.2697945e-02    5.8588936e-01
 6.3760565e-02    5.8407819e-01
 6.4817337e-02    5.8226612e-01
 6.5868256e-02    5.8045319e-01
 6.6913319e-02    5.7863942e-01
 6.7952520e-02    5.7682486e-01
 6.8985855e-02    5.7500952e-01
 7.0013319e-02    5.7319345e-01
 7.1034909e-02    5.7137667e-01
 7.2050619e-02    5.6955921e-01
 7.3060447e-02    5.6774111e-01
 7.4064388e-02    5.6592240e-01
 7.5062437e-02    5.6410312e-01
 7.6054592e-02    5.6228328e-01
 7.7040849e-02    5.6046293e-01
 7.7040849e-02    5.6046293e-01
 7.7094699e-02    5.6036473e-01
 7.7149705e-02    5.6026737e-01
 7.7205858e-02    5.6017086e-01
 7.7263153e-02    5.6007520e-01
 7.7321583e-02    5.5998039e-01
 7.7381141e-02    5.5988641e-01
 7.7441820e-02    5.5979329e-01
 7.7503614e-02    5.5970100e-01
 7.7566516e-02    5.5960955e-01
 7.7630519e-02    5.5951893e-01
 7.7695618e-02    5.5942915e-01
 7.7761804e-02    5.5934021e-01
 7.7829072e-02    5.5925210e-01
 7.7897415e-02    5.5916482e-01
 7.7966827e-02    5.5907836e-01
 7.8037299e-02    5.5899274e-01
 7.8108827e-02    5.5890794e-01
 7.8181403e-02    5.5882397e-01
 7.8255021e-02    5.5874081e-01
 7.8329673e-02    5.5865848e-01
 7.8405354e-02    5.5857697e-01
 7.8482057e-02    5.5849627e-01
 7.8559775e-02    5.5841640e-01
 7.8638501e-02    5.5833733e-01
 7.8718229e-02    5.5825908e-01
 7.8798952e-02    5.5818164e-01
 7.8880663e-02    5.5810501e-01
 7.8963357e-02    5.5802918e-01
 7.9047025e-02    5.5795416e-01
 7.9131662e-02    5.5787995e-01
 7.9217261e-02    5.5780654e-01
 7.9303815e-02    5.5773393e-01
 7.9391317e-02    5.5766212e-01
 7.9479762e-02    5.5759111e-01
 7.9569141e-02    5.5752090e-01
 7.9659450e-02    5.5745148e-01
 7.9750680e-02    5.5738285e-01
 7.9842825e-02    5.5731501e-01
 7.9935880e-02    5.5724797e-01
 8.0029836e-02    5.5718171e-01
 8.0124688e-02    5.5711624e-01
 8.0220428e-02    5.5705155e-01
 8.0317050e-02    5.5698765e-01
 8.0414548e-02    5.5692453e-01
 8.0512915e-02    5.5686219e-01
 8.0612144e-02    5.5680062e-01
 8.0712228e-02    5.5673984e-01
 8.0813161e-02    5.5667983e-01
 8.0914936e-02    5.5662059e-01
 8.1017547e-02    5.5656212e-01
 8.1120987e-02    5.5650443e-01
 8.1225249e-02    5.5644750e-01
 8.1330326e-02    5.5639134e-01
 8.1436212e-02    5.5633595e-01
 8.1542901e-02    5.5628132e-01
 8.1650385e-02    5.5622745e-01
 8.1758659e-02    5.5617434e-01
 8.1867714e-02    5.5612199e-01
 8.1977546e-02    5.5607040e-01
 8.2088146e-02    5.5601956e-01
 8.2199509e-02    5.5596948e-01
 8.2311628e-02    5.5592015e-01
 8.2424495e-02    5.5587157e-01
 8.2538105e-02    5.5582374e-01
 8.2652451e-02    5.5577666e-01
 8.2767526e-02    5.5573032e-01
 8.2883324e-02    5.5568473e-01
 8.2999837e-02    5.5563988e-01
 8.3117060e-02    5.5559577e-01
 8.3234985e-02    5.5555240e-01
 8.3353606e-02    5.5550976e-01
 8.3472916e-02    5.5546787e-01
 8.3592909e-02    5.5542670e-01
 8.3713578e-02    5.5538627e-01
 8.3834916e-02    5.5534658e-01
 8.3956917e-02    5.5530761e-01
 8.4079574e-02    5.5526936e-01
 8.4202880e-02    5.5523185e-01
 8.4326829e-02    5.5519506e-01
 8.4451414e-02    5.5515899e-01
 8.4576629e-02    5.5512365e-01
 8.4702466e-02    5.5508902e-01
 8.4828919e-02    5.5505511e-01
 8.4955982e-02    5.5502192e-01
 8.5083648e-02    5.5498944e-01
 8.5211910e-02    5.5495768e-01
 8.5340761e-02    5.5492662e-01
 8.5470195e-02    5.5489628e-01
 8.5600206e-02    5.5486665e-01
 8.5730786e-02    5.5483772e-01
 8.5861929e-02    5.5480950e-01
 8.5993628e-02    5.5478198e-01
 8.6125877e-02    5.5475516e-01
 8.6258669e-02    5.5472904e-01
 8.6391997e-02    5.5470362e-01
 8.6525855e-02    5.5467890e-01
 8.6660236e-02    5.5465487e-01
 8.6795133e-02    5.5463154e-01
 8.6930540e-02    5.5460890e-01
 8.7066450e-02    5.5458695e-01
 8.7202857e-02    5.5456568e-01
 8.7339753e-02    5.5454511e-01
 8.7477133e-02    5.5452522e-01
 8.7614989e-02    5.5450601e-01
 8.7753315e-02    5.5448749e-01
 8.7892104e-02    5.5446964e-01
 8.8031350e-02    5.5445248e-01
 8.8171045e-02    5.5443599e-01
 8.8311184e-02    5.5442018e-01
 8.8451760e-02    5.5440504e-01
 8.8592765e-02    5.5439058e-01
 8.8734194e-02    5.5437678e-01
 8.8876039e-02    5.5436366e-01
 8.9018294e-02    5.5435120e-01
 8.9160953e-02    5.5433941e-01
 8.9304009e-02    5.5432828e-01
 8.9447454e-02    5.5431781e-01
 8.9591283e-02    5.5430801e-01
 8.9735489e-02    5.5429886e-01
 8.9880064e-02    5.5429037e-01
 9.0025004e-02    5.5428254e-01
 9.0170300e-02    5.5427537e-01
 9.0315946e-02    5.5426884e-01
 9.0461936e-02    5.5426297e-01
 9.0608263e-02    5.5425774e-01
 9.0754919e-02    5.5425317e-01
 9.0901900e-02    5.5424924e-01
 9.1049197e-02    5.5424596e-01
 9.1196805e-02    5.5424331e-01
 9.1344716e-02    5.5424131e-01
 9.1492925e-02    5.5423995e-01
 9.1641423e-02    5.5423923e-01
 9.1790206e-02    5.5423914e-01
 9.1939265e-02    5.5423969e-01
 9.2088595e-02    5.5424087e-01
 9.2238188e-02    5.5424269e-01
 9.2388039e-02    5.5424513e-01
 9.2538140e-02    5.5424820e-01
 9.2688484e-02    5.5425190e-01
 9.2839066e-02    5.5425623e-01
 9.2989879e-02    5.5426117e-01
 9.3140915e-02    5.5426674e-01
 9.3292169e-02    5.5427293e-01
 9.3443633e-02    5.5427974e-01
 9.3595301e-02    5.5428716e-01
 9.3747166e-02    5.5429520e-01
 9.3899222e-02    5.5430386e-01
 9.4051461e-02    5.5431312e-01
 9.4203878e-02    5.5432300e-01
 9.4356466e-02    5.5433348e-01
 9.4509218e-02    5.5434457e-01
 9.4662127e-02    5.5435627e-01
 9.4815187e-02    5.5436857e-01
 9.4968390e-02    5.5438148e-01
 9.5121732e-02    5.5439498e-01
 9.5275204e-02    5.5440908e-01
 9.5428800e-02    5.5442378e-01
 9.5582513e-02    5.5443908e-01
 9.5736338e-02    5.5445497e-01
 9.5890267e-02    5.5447145e-01
 9.6044293e-02    5.5448852e-01
 9.6198410e-02    5.5450619e-01
 9.6352611e-02    5.5452444e-01
 9.6506890e-02    5.5454327e-01
 9.6661239e-02    5.5456269e-01
 9.6815653e-02    5.5458269e-01
 9.6970125e-02    5.5460328e-01
 9.7124647e-02    5.5462444e-01
 9.7279214e-02    5.5464618e-01
 9.7433819e-02    5.5466850e-01
 9.7588455e-02    5.5469139e-01
 9.7743115e-02    5.5471485e-01
 9.7897792e-02    5.5473889e-01
 9.8052481e-02    5.5476349e-01
 9.8207174e-02    5.5478867e-01
 9.8361866e-02    5.5481441e-01
 9.8516548e-02    5.5484071e-01
 9.8671214e-02    5.5486758e-01
 9.8825859e-02    5.5489501e-01
 9.8980475e-02    5.5492300e-01
 9.9135055e-02    5.5495154e-01
 9.9289593e-02    5.5498065e-01
 9.9444083e-02    5.5501030e-01
 9.9598517e-02    5.5504051e-01
 9.9752889e-02    5.5507128e-01
 9.9907192e-02    5.5510259e-01
 1.0006142e-01    5.5513445e-01
 1.0021557e-01    5.5516686e-01
 1.0036962e-01    5.5519981e-01
 1.0052359e-01    5.5523331e-01
 1.0067745e-01    5.5526735e-01
 1.0083120e-01    5.5530193e-01
 1.0098483e-01    5.5533705e-01
 1.0113835e-01    5.5537270e-01
 1.0129173e-01    5.5540889e-01
 1.0144498e-01    5.5544561e-01
 1.0159809e-01    5.5548287e-01
 1.0175105e-01    5.5552065e-01
 1.0190386e-01    5.5555897e-01
 1.0205650e-01    5.5559781e-01
 1.0220898e-01    5.5563718e-01
 1.0236128e-01    5.5567707e-01
 1.0251339e-01    5.5571748e-01
 1.0266532e-01    5.5575842e-01
 1.0281706e-01    5.5579987e-01
 1.0296859e-01    5.5584184e-01
 1.0311992e-01    5.5588433e-01
 1.0327103e-01    5.5592733e-01
 1.0342191e-01    5.5597084e-01
 1.0357257e-01    5.5601487e-01
 1.0372300e-01    5.5605940e-01
 1.0387318e-01    5.5610444e-01
 1.0402312e-01    5.5614999e-01
 1.0417280e-01    5.5619604e-01
 1.0432222e-01    5.5624259e-01
 1.0447137e-01    5.5628965e-01
 1.0462024e-01    5.5633720e-01
 1.0476884e-01    5.5638526e-01
 1.0491714e-01    5.5643380e-01
 1.0506516e-01    5.5648285e-01
 1.0521287e-01    5.5653238e-01
 1.0536027e-01    5.5658241e-01
 1.0550736e-01    5.5663293e-01
 1.0565412e-01    5.5668393e-01
 1.0580056e-01    5.5673542e-01
 1.0594666e-01    5.5678740e-01
 1.0609242e-01    5.5683986e-01
 1.0623784e-01    5.5689280e-01
 1.0638290e-01    5.5694622e-01
 1.0652760e-01    5.5700012e-01
 1.0667193e-01    5.5705449e-01
 1.0681588e-01    5.5710934e-01
 1.0695946e-01    5.5716467e-01
 1.0710264e-01    5.5722046e-01
 1.0724544e-01    5.5727673e-01
 1.0738783e-01    5.5733346e-01
 1.0752981e-01    5.5739066e-01
 1.0767138e-01    5.5744833e-01
 1.0781253e-01    5.5750646e-01
 1.0795325e-01    5.5756505e-01
 1.0809353e-01    5.5762410e-01
 1.0823338e-01    5.5768361e-01
 1.0837278e-01    5.5774358e-01
 1.0851172e-01    5.5780400e-01
 1.0865020e-01    5.5786488e-01
 1.0878822e-01    5.5792621e-01
 1.0892576e-01    5.5798799e-01
 1.0906281e-01    5.5805022e-01
 1.0919939e-01    5.5811289e-01
 1.0933546e-01    5.5817601e-01
 1.0947104e-01    5.5823958e-01
 1.0960611e-01    5.5830359e-01
 1.0974066e-01    5.5836803e-01
 1.0987470e-01    5.5843292e-01
 1.1000820e-01    5.5849825e-01
 1.1014118e-01    5.5856401e-01
 1.1027361e-01    5.5863020e-01
 1.1040549e-01    5.5869683e-01
 1.1053682e-01    5.5876389e-01
 1.1066759e-01    5.5883137e-01
 1.1079779e-01    5.5889929e-01
 1.1092742e-01    5.5896763e-01
 1.1105647e-01    5.5903640e-01
 1.1118493e-01    5.5910558e-01
 1.1131279e-01    5.5917519e-01
 1.1144006e-01    5.5924522e-01
 1.1156672e-01    5.5931567e-01
 1.1169276e-01    5.5938653e-01
 1.1181819e-01    5.5945781e-01
 1.1194298e-01    5.5952950e-01
 1.1206714e-01    5.5960160e-01
 1.1219067e-01    5.5967411e-01
 1.1231354e-01    5.5974703e-01
 1.1243576e-01    5.5982036e-01
 1.1255732e-01    5.5989409e-01
 1.1267822e-01    5.5996823e-01
 1.1279844e-01    5.6004276e-01
 1.1291798e-01    5.6011770e-01
 1.1303683e-01    5.6019303e-01
 1.1315499e-01    5.6026876e-01
 1.1327245e-01    5.6034489e-01
 1.1338920e-01    5.6042141e-01
 1.1350524e-01    5.6049832e-01
 1.1362056e-01    5.6057562e-01
 1.1373515e-01    5.6065331e-01
 1.1384900e-01    5.6073139e-01
 1.1396212e-01    5.6080985e-01
 1.1407449e-01    5.6088869e-01
 1.1418611e-01    5.6096792e-01
 1.1429697e-01    5.6104753e-01
 1.1440705e-01    5.6112752e-01
 1.1451637e-01    5.6120788e-01
 1.1462491e-01    5.6128862e-01
 1.1473266e-01    5.6136973e-01
 1.1483961e-01    5.6145122e-01
 1.1494577e-01    5.6153307e-01
 1.1505112e-01    5.6161530e-01
 1.1515565e-01    5.6169789e-01
 1.1525937e-01    5.6178085e-01
 1.1536226e-01    5.6186417e-01
 1.1546431e-01    5.6194785e-01
 1.1556553e-01    5.6203190e-01
 1.1566590e-01    5.6211630e-01
 1.1576542e-01    5.6220106e-01
 1.1586407e-01    5.6228618e-01
 1.1596186e-01    5.6237165e-01
 1.1605878e-01    5.6245748e-01
 1.1615481e-01    5.6254365e-01
 1.1624996e-01    5.6263018e-01
 1.1634422e-01    5.6271705e-01
 1.1643758e-01    5.6280427e-01
 1.1653003e-01    5.6289183e-01
 1.1662157e-01    5.6297974e-01
 1.1671218e-01    5.6306798e-01
 1.1680188e-01    5.6315657e-01
 1.1689063e-01    5.6324550e-01
 1.1697845e-01    5.6333476e-01
 1.1706533e-01    5.6342435e-01
 1.1715125e-01    5.6351428e-01
 1.1723621e-01    5.6360454e-01
 1.1732020e-01    5.6369513e-01
 1.1740322e-01    5.6378605e-01
 1.1748526e-01    5.6387729e-01
 1.1756632e-01    5.6396886e-01
 1.1764638e-01    5.6406075e-01
 1.1772544e-01    5.6415297e-01
 1.1780350e-01    5.6424550e-01
 1.1788054e-01    5.6433836e-01
 1.1795656e-01    5.6443152e-01
 1.1803156e-01    5.6452501e-01
 1.1810553e-01    5.6461881e-01
 1.1817845e-01    5.6471292e-01
 1.1825033e-01    5.6480734e-01
 1.1832116e-01    5.6490207e-01
 1.1839093e-01    5.6499710e-01
 1.1845963e-01    5.6509244e-01
 1.1852726e-01    5.6518809e-01
 1.1859381e-01    5.6528403e-01
 1.1865927e-01    5.6538028e-01
 1.1872364e-01    5.6547683e-01
 1.1878691e-01    5.6557367e-01
 1.1884908e-01    5.6567081e-01
 1.1891013e-01    5.6576824e-01
 1.1897007e-01    5.6586596e-01
 1.1902887e-01    5.6596398e-01
 1.1908655e-01    5.6606228e-01
 1.1914309e-01    5.6616088e-01
 1.1919848e-01    5.6625975e-01
 1.1925272e-01    5.6635891e-01
 1.1930580e-01    5.6645836e-01
 1.1935771e-01    5.6655808e-01
 1.1940845e-01    5.6665809e-01
 1.1945801e-01    5.6675837e-01
 1.1950639e-01    5.6685893e-01
 1.1955357e-01    5.6695976e-01
 1.1959956e-01    5.6706086e-01
 1.1964434e-01    5.6716224e-01
 1.1968790e-01    5.6726388e-01
 1.1973025e-01    5.6736580e-01
 1.1977138e-01    5.6746797e-01
 1.1981127e-01    5.6757042e-01
 1.1984992e-01    5.6767312e-01
 1.1988732e-01    5.6777609e-01
 1.1992348e-01    5.6787932e-01
 1.1995837e-01    5.6798281e-01
 1.1999200e-01    5.6808655e-01
 1.2002436e-01    5.6819054e-01
 1.2005544e-01    5.6829479e-01
 1.2008523e-01    5.6839929e-01
 1.2011373e-01    5.6850404e-01
 1.2014093e-01    5.6860904e-01
 1.2016683e-01    5.6871429e-01
 1.2019142e-01    5.6881978e-01
 1.2021468e-01    5.6892551e-01
 1.2023662e-01    5.6903149e-01
 1.2025723e-01    5.6913771e-01
 1.2027650e-01    5.6924416e-01
 1.2029443e-01    5.6935085e-01
 1.2031100e-01    5.6945778e-01
 1.2032622e-01    5.6956494e-01
 1.2034007e-01    5.6967233e-01
 1.2035255e-01    5.6977995e-01
 1.2036364e-01    5.6988780e-01
 1.2037336e-01    5.6999588e-01
 1.2038168e-01    5.7010418e-01
 1.2038861e-01    5.7021271e-01
 1.2039412e-01    5.7032146e-01
 1.2039823e-01    5.7043043e-01
 1.2040092e-01    5.7053961e-01
 1.2040218e-01    5.7064902e-01
 1.2040202e-01    5.7075864e-01
 1.2040041e-01    5.7086847e-01
 1.2039736e-01    5.7097852e-01
 1.2039285e-01    5.7108878e-01
 1.2038689e-01    5.7119925e-01
 1.2037947e-01    5.7130992e-01
 1.2037057e-01    5.7142080e-01
 1.2036019e-01    5.7153189e-01
 1.2034833e-01    5.7164317e-01
 1.2034833e-01    5.7164317e-01
 1.1872128e-01    5.8622016e-01
 1.1713721e-01    6.0079714e-01
 1.1559404e-01    6.1537413e-01
 1.1408987e-01    6.2995112e-01
 1.1262290e-01    6.4452810e-01
 1.1119146e-01    6.5910509e-01
 1.0979399e-01    6.7368207e-01
 1.0842904e-01    6.8825906e-01
 1.0709525e-01    7.0283604e-01
 1.0579134e-01    7.1741303e-01
 1.0451613e-01    7.3199002e-01
 1.0326847e-01    7.4656700e-01
 1.0204730e-01    7.6114399e-01
 1.0085162e-01    7.7572097e-01
 9.9680494e-02    7.9029796e-01
 9.8533026e-02    8.0487494e-01
 9.7408375e-02    8.1945193e-01
 9.6305742e-02    8.3402892e-01
 9.5224364e-02    8.4860590e-01
 9.4163523e-02    8.6318289e-01
 9.3122536e-02    8.7775987e-01
 9.2100759e-02    8.9233686e-01
 9.1097573e-02    9.0691384e-01
 9.0112394e-02    9.2149083e-01
 8.9144661e-02    9.3606782e-01
 8.8193838e-02    9.5064480e-01
 8.7259415e-02    9.6522179e-01
 8.6340904e-02    9.7979877e-01
 8.5437840e-02    9.9437576e-01
 8.4549782e-02    1.0089527e+00
 8.3676301e-02    1.0235297e+00
 8.2816993e-02    1.0381067e+00
 8.1971466e-02    1.0526837e+00
 8.1139345e-02    1.0672607e+00
 8.0320269e-02    1.0818377e+00
 7.9513892e-02    1.0964147e+00
 7.8719881e-02    1.1109916e+00
 7.7937918e-02    1.1255686e+00
 7.7167700e-02    1.1401456e+00
 7.6408929e-02    1.1547226e+00
 7.5661322e-02    1.1692996e+00
 7.4924608e-02    1.1838766e+00
 7.4198521e-02    1.1984536e+00
 7.3482807e-02    1.2130305e+00
 7.2777220e-02    1.2276075e+00
 7.2081522e-02    1.2421845e+00
 7.1395485e-02    1.2567615e+00
 7.0718891e-02    1.2713385e+00
 7.0051526e-02    1.2859155e+00
 6.9393183e-02    1.3004925e+00
 6.8743665e-02    1.3150694e+00
 6.8102778e-02    1.3296464e+00
 6.7470337e-02    1.3442234e+00
 6.6846160e-02    1.3588004e+00
 6.6230071e-02    1.3733774e+00
 6.5621902e-02    1.3879544e+00
 6.5021487e-02    1.4025314e+00
 6.4428669e-02    1.4171083e+00
 6.3843293e-02    1.4316853e+00
 6.3265209e-02    1.4462623e+00
 6.2694273e-02    1.4608393e+00
 6.2130344e-02    1.4754163e+00
 6.1573283e-02    1.4899933e+00
 6.1022959e-02    1.5045703e+00
 6.0479242e-02    1.5191472e+00
 5.9942005e-02    1.5337242e+00
 5.9411127e-02    1.5483012e+00
 5.8886489e-02    1.5628782e+00
 5.8367975e-02    1.5774552e+00
 5.7855474e-02    1.5920322e+00
 5.7348877e-02    1.6066092e+00
 5.6848076e-02    1.6211861e+00
 5.6352967e-02    1.6357631e+00
 5.5863451e-02    1.6503401e+00
 5.5379428e-02    1.6649171e+00
 5.4900802e-02    1.6794941e+00
 5.4427480e-02    1.6940711e+00
 5.3959371e-02    1.7086481e+00
 5.3496387e-02    1.7232250e+00
 5.3038439e-02    1.7378020e+00
 5.2585445e-02    1.7523790e+00
 5.2137322e-02    1.7669560e+00
 5.1693989e-02    1.7815330e+00
 5.1255367e-02    1.7961100e+00
 5.0821380e-02    1.8106870e+00
 5.0391953e-02    1.8252639e+00
 4.9967012e-02    1.8398409e+00
 4.9546486e-02    1.8544179e+00
 4.9130306e-02    1.8689949e+00
 4.8718403e-02    1.8835719e+00
 4.8310711e-02    1.8981489e+00
 4.7907164e-02    1.9127259e+00
 4.7507698e-02    1.9273028e+00
 4.7112252e-02    1.9418798e+00
 4.6720763e-02    1.9564568e+00
 4.6333172e-02    1.9710338e+00
 4.5949421e-02    1.9856108e+00
 4.5569453e-02    2.0001878e+00
 4.5193212e-02    2.0147648e+00
 4.4820642e-02    2.0293417e+00
 4.4451691e-02    2.0439187e+00
 4.4086306e-02    2.0584957e+00
 4.3724435e-02    2.0730727e+00
 4.3366028e-02    2.0876497e+00
 4.3011035e-02    2.1022267e+00
 4.2659409e-02    2.1168037e+00
 4.2311100e-02    2.1313806e+00
 4.1966064e-02    2.1459576e+00
 4.1624255e-02    2.1605346e+00
 4.1285628e-02    2.1751116e+00
 4.0950138e-02    2.1896886e+00
 4.0617744e-02    2.2042656e+00
 4.0288403e-02    2.2188426e+00
 3.9962073e-02    2.2334195e+00
 3.9638715e-02    2.2479965e+00
 3.9318287e-02    2.2625735e+00
 3.9000752e-02    2.2771505e+00
 3.8686071e-02    2.2917275e+00
 3.8374205e-02    2.3063045e+00
 3.8065119e-02    2.3208815e+00
 3.7758776e-02    2.3354584e+00
 3.7455140e-02    2.3500354e+00
 3.7154177e-02    2.3646124e+00
 3.6855852e-02    2.3791894e+00
 3.6560130e-02    2.3937664e+00
 3.6266980e-02    2.4083434e+00
 3.5976369e-02    2.4229204e+00
 3.5688263e-02    2.4374973e+00
 3.5402633e-02    2.4520743e+00
 3.5119447e-02    2.4666513e+00
 3.4838675e-02    2.4812283e+00
 3.4560286e-02    2.4958053e+00
 3.4284252e-02    2.5103823e+00
 3.4010544e-02    2.5249593e+00
 3.3739132e-02    2.5395362e+00
 3.3469990e-02    2.5541132e+00
 3.3203090e-02    2.5686902e+00
 3.2938404e-02    2.5832672e+00
 3.2675906e-02    2.5978442e+00
 3.2415571e-02    2.6124212e+00
 3.2157371e-02    2.6269982e+00
 3.1901283e-02    2.6415751e+00
 3.1647281e-02    2.6561521e+00
 3.1395340e-02    2.6707291e+00
 3.1145437e-02    2.6853061e+00
 3.0897547e-02    2.6998831e+00
 3.0651647e-02    2.7144601e+00
 3.0407715e-02    2.7290371e+00
 3.0165727e-02    2.7436140e+00
 2.9925661e-02    2.7581910e+00
 2.9687496e-02    2.7727680e+00
 2.9451209e-02    2.7873450e+00
 2.9216779e-02    2.8019220e+00
 2.8984186e-02    2.8164990e+00
 2.8753408e-02    2.8310760e+00
 2.8524425e-02    2.8456529e+00
 2.8297218e-02    2.8602299e+00
 2.8071765e-02    2.8748069e+00
 2.7848049e-02    2.8893839e+00
 2.7626048e-02    2.9039609e+00
 2.7405746e-02    2.9185379e+00
 2.7187122e-02    2.9331149e+00
 2.6970159e-02    2.9476918e+00
 2.6754839e-02    2.9622688e+00
 2.6541142e-02    2.9768458e+00
 2.6329053e-02    2.9914228e+00
 2.6118553e-02    3.0059998e+00
 2.5909626e-02    3.0205768e+00
 2.5702254e-02    3.0351538e+00
 2.5496420e-02    3.0497307e+00
 2.5292109e-02    3.0643077e+00
 2.5089305e-02    3.0788847e+00
 2.4887990e-02    3.0934617e+00
 2.4688149e-02    3.1080387e+00
 2.4489768e-02    3.1226157e+00
 2.4292830e-02    3.1371927e+00
 2.4097320e-02    3.1517696e+00
 2.3903223e-02    3.1663466e+00
 2.3710525e-02    3.1809236e+00
 2.3519211e-02    3.1955006e+00
 2.3329266e-02    3.2100776e+00
 2.3140677e-02    3.2246546e+00
 2.2953430e-02    3.2392316e+00
 2.2767510e-02    3.2538086e+00
 2.2582904e-02    3.2683855e+00
 2.2399599e-02    3.2829625e+00
 2.2217581e-02    3.2975395e+00
 2.2036837e-02    3.3121165e+00
 2.1857354e-02    3.3266935e+00
 2.1679120e-02    3.3412705e+00
 2.1502121e-02    3.3558475e+00
 2.1326346e-02    3.3704244e+00
 2.1151782e-02    3.3850014e+00
 2.0978416e-02    3.3995784e+00
 2.0806237e-02    3.4141554e+00
 2.0635234e-02    3.4287324e+00
 2.0465393e-02    3.4433094e+00
 2.0296704e-02    3.4578864e+00
 2.0129155e-02    3.4724633e+00
 1.9962736e-02    3.4870403e+00
 1.9797433e-02    3.5016173e+00
 1.9633238e-02    3.5161943e+00
 1.9470138e-02    3.5307713e+00
 1.9308124e-02    3.5453483e+00
 1.9147183e-02    3.5599253e+00
 1.8987307e-02    3.5745022e+00
 1.8828484e-02    3.5890792e+00
 1.8670704e-02    3.6036562e+00
 1.8513957e-02    3.6182332e+00
 1.8358233e-02    3.6328102e+00
 1.8203522e-02    3.6473872e+00
 1.8049815e-02    3.6619642e+00
 1.7897101e-02    3.6765411e+00
 1.7745371e-02    3.6911181e+00
 1.7594615e-02    3.7056951e+00
 1.7444825e-02    3.7202721e+00
 1.7295990e-02    3.7348491e+00
 1.7148102e-02    3.7494261e+00
 1.7001152e-02    3.7640031e+00
 1.6855130e-02    3.7785800e+00
 1.6710029e-02    3.7931570e+00
 1.6565838e-02    3.8077340e+00
 1.6422549e-02    3.8223110e+00
 1.6280155e-02    3.8368880e+00
 1.6138646e-02    3.8514650e+00
 1.5998013e-02    3.8660420e+00
 1.5858250e-02    3.8806189e+00
 1.5719347e-02    3.8951959e+00
 1.5581296e-02    3.9097729e+00
 1.5444089e-02    3.9243499e+00
 1.5307719e-02    3.9389269e+00
 1.5172178e-02    3.9535039e+00
 1.5037457e-02    3.9680809e+00
 1.4903549e-02    3.9826578e+00
 1.4770446e-02    3.9972348e+00
 1.4638142e-02    4.0118118e+00
 1.4506627e-02    4.0263888e+00
 1.4375896e-02    4.0409658e+00
 1.4245941e-02    4.0555428e+00
 1.4116754e-02    4.0701198e+00
 1.3988328e-02    4.0846967e+00
 1.3860657e-02    4.0992737e+00
 1.3733733e-02    4.1138507e+00
 1.3607549e-02    4.1284277e+00
 1.3482099e-02    4.1430047e+00
 1.3357375e-02    4.1575817e+00
 1.3233372e-02    4.1721587e+00
 1.3110081e-02    4.1867356e+00
 1.2987498e-02    4.2013126e+00
 1.2865614e-02    4.2158896e+00
 1.2744424e-02    4.2304666e+00
 1.2623921e-02    4.2450436e+00
 1.2504100e-02    4.2596206e+00
 1.2384952e-02    4.2741976e+00
 1.2266474e-02    4.2887745e+00
 1.2148657e-02    4.3033515e+00
 1.2031497e-02    4.3179285e+00
 1.1914987e-02    4.3325055e+00
 1.1799121e-02    4.3470825e+00
 1.1683893e-02    4.3616595e+00
 1.1569298e-02    4.3762365e+00
 1.1455329e-02    4.3908134e+00
 1.1341981e-02    4.4053904e+00
 1.1229248e-02    4.4199674e+00
 1.1117125e-02    4.4345444e+00
 1.1005605e-02    4.4491214e+00
 1.0894684e-02    4.4636984e+00
 1.0784355e-02    4.4782754e+00
 1.0674614e-02    4.4928523e+00
 1.0565455e-02    4.5074293e+00
 1.0456872e-02    4.5220063e+00
 1.0348861e-02    4.5365833e+00
 1.0241416e-02    4.5511603e+00
 1.0134532e-02    4.5657373e+00
 1.0028203e-02    4.5803143e+00
 9.9224252e-03    4.5948912e+00
 9.8171929e-03    4.6094682e+00
 9.7125012e-03    4.6240452e+00
 9.6083451e-03    4.6386222e+00
 9.5047197e-03    4.6531992e+00
 9.4016200e-03    4.6677762e+00
 9.2990414e-03    4.6823532e+00
 9.1969789e-03    4.6969301e+00
 9.0954278e-03    4.7115071e+00
 8.9943834e-03    4.7260841e+00
 8.8938411e-03    4.7406611e+00
 8.7937961e-03    4.7552381e+00
 8.6942440e-03    4.7698151e+00
 8.5951801e-03    4.7843921e+00
 8.4966000e-03    4.7989690e+00
 8.3984992e-03    4.8135460e+00
 8.3008732e-03    4.8281230e+00
 8.2037177e-03    4.8427000e+00
 8.1070282e-03    4.8572770e+00
 8.0108006e-03    4.8718540e+00
 7.9150304e-03    4.8864310e+00
 7.8197134e-03    4.9010079e+00
 7.7248455e-03    4.9155849e+00
 7.6304224e-03    4.9301619e+00
 7.5364399e-03    4.9447389e+00
 7.4428941e-03    4.9593159e+00
 7.3497807e-03    4.9738929e+00
 7.2570958e-03    4.9884699e+00
 7.1648354e-03    5.0030468e+00
 7.0729954e-03    5.0176238e+00
 6.9815720e-03    5.0322008e+00
 6.8905611e-03    5.0467778e+00
 6.7999590e-03    5.0613548e+00
 6.7097617e-03    5.0759318e+00
 6.6199654e-03    5.0905088e+00
 6.5305665e-03    5.1050857e+00
 6.4415610e-03    5.1196627e+00
 6.3529453e-03    5.1342397e+00
 6.2647156e-03    5.1488167e+00
 6.1768683e-03    5.1633937e+00
 6.0893998e-03    5.1779707e+00
 6.0023063e-03    5.1925477e+00
 5.9155845e-03    5.2071246e+00
 5.8292305e-03    5.2217016e+00
 5.7432411e-03    5.2362786e+00
 5.6576125e-03    5.2508556e+00
 5.5723414e-03    5.2654326e+00
 5.4874243e-03    5.2800096e+00
 5.4028578e-03    5.2945866e+00
 5.3186384e-03    5.3091635e+00
 5.2347628e-03    5.3237405e+00
 5.1512277e-03    5.3383175e+00
 5.0680297e-03    5.3528945e+00
 4.9851655e-03    5.3674715e+00
 4.9026318e-03    5.3820485e+00
 4.8204255e-03    5.3966255e+00
 4.7385431e-03    5.4112024e+00
 4.6569816e-03    5.4257794e+00
 4.5757378e-03    5.4403564e+00
 4.4948085e-03    5.4549334e+00
 4.4141906e-03    5.4695104e+00
 4.3338809e-03    5.4840874e+00
 4.2538764e-03    5.4986644e+00
 4.1741739e-03    5.5132413e+00
 4.0947705e-03    5.5278183e+00
 4.0156632e-03    5.5423953e+00
 3.9368488e-03    5.5569723e+00
 3.8583245e-03    5.5715493e+00
 3.7800872e-03    5.5861263e+00
 3.7021341e-03    5.6007033e+00
 3.6244621e-03    5.6152802e+00
 3.5470685e-03    5.6298572e+00
 3.4699503e-03    5.6444342e+00
 3.3931046e-03    5.6590112e+00
 3.3165286e-03    5.6735882e+00
 3.2402195e-03    5.6881652e+00
 3.1641745e-03    5.7027422e+00
 3.0883908e-03    5.7173191e+00
 3.0128656e-03    5.7318961e+00
 2.9375961e-03    5.7464731e+00
 2.8625797e-03    5.7610501e+00
 2.7878137e-03    5.7756271e+00
 2.7132953e-03    5.7902041e+00
 2.6390218e-03    5.8047811e+00
 2.5649906e-03    5.8193580e+00
 2.4911991e-03    5.8339350e+00
 2.4176446e-03    5.8485120e+00
 2.3443245e-03    5.8630890e+00
 2.2712363e-03    5.8776660e+00
 2.1983773e-03    5.8922430e+00
 2.1257449e-03    5.9068200e+00
 2.0533368e-03    5.9213969e+00
 1.9811502e-03    5.9359739e+00
 1.9091827e-03    5.9505509e+00
 1.8374319e-03    5.9651279e+00
 1.7658951e-03    5.9797049e+00
 1.6945701e-03    5.9942819e+00
 1.6234542e-03    6.0088589e+00
 1.5525451e-03    6.0234358e+00
 1.4818404e-03    6.0380128e+00
 1.4113376e-03    6.0525898e+00
 1.3410343e-03    6.0671668e+00
 1.2709283e-03    6.0817438e+00
 1.2010170e-03    6.0963208e+00
 1.1312982e-03    6.1108978e+00
 1.0617696e-03    6.1254747e+00
 9.9242868e-04    6.1400517e+00
 9.2327331e-04    6.1546287e+00
 8.5430113e-04    6.1692057e+00
 7.8550987e-04    6.1837827e+00
 7.1689725e-04    6.1983597e+00
 6.4846102e-04    6.2129367e+00
 5.8019894e-04    6.2275136e+00
 5.1210878e-04    6.2420906e+00
 4.4418831e-04    6.2566676e+00
 3.7643533e-04    6.2712446e+00
 3.0884765e-04    6.2858216e+00
 2.4142308e-04    6.3003986e+00
 1.7415946e-04    6.3149756e+00
 1.0705463e-04    6.3295525e+00
 4.0106432e-05    6.3441295e+00
-2.6687256e-05    6.3587065e+00
-9.3328562e-05    6.3732835e+00
-1.5981960e-04    6.3878605e+00
-2.2616247e-04    6.4024375e+00
-2.9235925e-04    6.4170145e+00
-3.5841204e-04    6.4315914e+00
-4.2432289e-04    6.4461684e+00
-4.9009387e-04    6.4607454e+00
-5.5572702e-04    6.4753224e+00
-6.2122437e-04    6.4898994e+00
-6.8658796e-04    6.5044764e+00
-7.5181981e-04    6.5190534e+00
-8.1692190e-04    6.5336303e+00
-8.8189625e-04    6.5482073e+00
-9.4674484e-04    6.5627843e+00
-1.0114696e-03    6.5773613e+00
-1.0760726e-03    6.5919383e+00
-1.1405557e-03    6.6065153e+00
-1.2049209e-03    6.6210923e+00
-1.2691702e-03    6.6356692e+00
-1.3333053e-03    6.6502462e+00
-1.3973284e-03    6.6648232e+00
-1.4612412e-03    6.6794002e+00
-1.5250457e-03    6.6939772e+00
-1.5887438e-03    6.7085542e+00
-1.6523373e-03    6.7231312e+00
-1.7158282e-03    6.7377081e+00
-1.7792183e-03    6.7522851e+00
-1.8425095e-03    6.7668621e+00
-1.9057035e-03    6.7814391e+00
-1.9688024e-03    6.7960161e+00
-2.0318078e-03    6.8105931e+00
-2.0947216e-03    6.8251701e+00
-2.1575457e-03    6.8397470e+00
-2.2202818e-03    6.8543240e+00
-2.2829318e-03    6.8689010e+00
-2.3454974e-03    6.8834780e+00
-2.4079804e-03    6.8980550e+00
-2.4703827e-03    6.9126320e+00
-2.5327059e-03    6.9272090e+00
-2.5949519e-03    6.9417859e+00
-2.6571224e-03    6.9563629e+00
-2.7192192e-03    6.9709399e+00
-2.7812439e-03    6.9855169e+00
-2.8431984e-03    7.0000939e+00
-2.9050844e-03    7.0146709e+00
-2.9669036e-03    7.0292479e+00
-3.0286576e-03    7.0438248e+00
-3.0903483e-03    7.0584018e+00
-3.1519774e-03    7.0729788e+00
-3.2135464e-03    7.0875558e+00
-3.2750572e-03    7.1021328e+00
-3.3365114e-03    7.1167098e+00
-3.3979106e-03    7.1312868e+00
-3.4592566e-03    7.1458637e+00
-3.5205510e-03    7.1604407e+00
-3.5817955e-03    7.1750177e+00
-3.6429917e-03    7.1895947e+00
-3.7041413e-03    7.2041717e+00
-3.7652459e-03    7.2187487e+00
-3.8263072e-03    7.2333257e+00
-3.8873268e-03    7.2479026e+00
-3.9483063e-03    7.2624796e+00
-4.0092473e-03    7.2770566e+00
-4.0701515e-03    7.2916336e+00
-4.1310205e-03    7.3062106e+00
-4.1918558e-03    7.3207876e+00
-4.2526591e-03    7.3353646e+00
-4.3134320e-03    7.3499415e+00
-4.3741760e-03    7.3645185e+00
-4.4348927e-03    7.3790955e+00
-4.4955838e-03    7.3936725e+00
-4.5562508e-03    7.4082495e+00
-4.6168952e-03    7.4228265e+00
-4.6775187e-03    7.4374035e+00
-4.7381228e-03    7.4519804e+00
-4.7987090e-03    7.4665574e+00
-4.8592789e-03    7.4811344e+00
-4.9198340e-03    7.4957114e+00
-4.9803760e-03    7.5102884e+00
-5.0409063e-03    7.5248654e+00
-5.1014264e-03    7.5394424e+00
-5.1619380e-03    7.5540193e+00
-5.2224424e-03    7.5685963e+00
-5.2829414e-03    7.5831733e+00
-5.3434362e-03    7.5977503e+00
-5.4039286e-03    7.6123273e+00
-5.4644200e-03    7.6269043e+00
-5.5249118e-03    7.6414813e+00
-5.5854057e-03    7.6560582e+00
-5.6459030e-03    7.6706352e+00
-5.7064054e-03    7.6852122e+00
-5.7669142e-03    7.6997892e+00
-5.8274311e-03    7.7143662e+00
-5.8879574e-03    7.7289432e+00
-5.9484946e-03    7.7435202e+00
-6.0090443e-03    7.7580971e+00
-6.0696079e-03    7.7726741e+00
-6.1301868e-03    7.7872511e+00
-6.1907826e-03    7.8018281e+00
-6.2513967e-03    7.8164051e+00
-6.3120306e-03    7.8309821e+00
-6.3726858e-03    7.8455591e+00
-6.4333636e-03    7.8601360e+00
-6.4940656e-03    7.8747130e+00
-6.5547932e-03    7.8892900e+00
-6.6155478e-03    7.9038670e+00
-6.6763309e-03    7.9184440e+00
-6.7371440e-03    7.9330210e+00
-6.7979885e-03    7.9475980e+00
-6.8588658e-03    7.9621749e+00
-6.9197773e-03    7.9767519e+00
-6.9807246e-03    7.9913289e+00
-7.0417089e-03    8.0059059e+00
-7.1027319e-03    8.0204829e+00
-7.1637948e-03    8.0350599e+00
-7.2248991e-03    8.0496369e+00
-7.2860462e-03    8.0642138e+00
-7.3472376e-03    8.0787908e+00
-7.4084747e-03    8.0933678e+00
-7.4697589e-03    8.1079448e+00
-7.5310915e-03    8.1225218e+00
-7.5924741e-03    8.1370988e+00
-7.6539080e-03    8.1516758e+00
-7.7153947e-03    8.1662527e+00
-7.7769355e-03    8.1808297e+00
-7.8385318e-03    8.1954067e+00
-7.9001851e-03    8.2099837e+00
-7.9618967e-03    8.2245607e+00
-8.0236681e-03    8.2391377e+00
-8.0855006e-03    8.2537147e+00
-8.1473957e-03    8.2682916e+00
-8.2093548e-03    8.2828686e+00
-8.2713792e-03    8.2974456e+00
-8.3334703e-03    8.3120226e+00
-8.3956296e-03    8.3265996e+00
-8.4578583e-03    8.3411766e+00
-8.5201580e-03    8.3557536e+00
-8.5825300e-03    8.3703305e+00
-8.6449757e-03    8.3849075e+00
-8.7074964e-03    8.3994845e+00
-8.7700936e-03    8.4140615e+00
-8.8327687e-03    8.4286385e+00
-8.8955230e-03    8.4432155e+00
-8.9583579e-03    8.4577925e+00
-9.0212747e-03    8.4723694e+00
-9.0842750e-03    8.4869464e+00
-9.1473600e-03    8.5015234e+00
-9.2105311e-03    8.5161004e+00
-9.2737898e-03    8.5306774e+00
-9.3371373e-03    8.5452544e+00
-9.4005751e-03    8.5598314e+00
-9.4641046e-03    8.5744083e+00
-9.5277271e-03    8.5889853e+00
-9.5914439e-03    8.6035623e+00
-9.6552566e-03    8.6181393e+00
-9.7191664e-03    8.6327163e+00
-9.7831747e-03    8.6472933e+00
-9.8472830e-03    8.6618703e+00
-9.9114925e-03    8.6764472e+00
-9.9758046e-03    8.6910242e+00
-1.0040221e-02    8.7056012e+00
-1.0104742e-02    8.7201782e+00
-1.0169371e-02    8.7347552e+00
-1.0234107e-02    8.7493322e+00
-1.0298953e-02    8.7639092e+00
-1.0363910e-02    8.7784861e+00
-1.0428979e-02    8.7930631e+00
-1.0494162e-02    8.8076401e+00
-1.0559460e-02    8.8222171e+00
-1.0624874e-02    8.8367941e+00
-1.0690406e-02    8.8513711e+00
-1.0756057e-02    8.8659481e+00
-1.0821829e-02    8.8805250e+00
-1.0887723e-02    8.8951020e+00
-1.0953739e-02    8.9096790e+00
-1.1019881e-02    8.9242560e+00
-1.1086148e-02    8.9388330e+00
-1.1152543e-02    8.9534100e+00
-1.1219067e-02    8.9679870e+00
-1.1285721e-02    8.9825639e+00
-1.1352506e-02    8.9971409e+00
-1.1419425e-02    9.0117179e+00
-1.1486477e-02    9.0262949e+00
-1.1553666e-02    9.0408719e+00
-1.1620991e-02    9.0554489e+00
-1.1688455e-02    9.0700259e+00
-1.1756058e-02    9.0846029e+00
-1.1823803e-02    9.0991798e+00
-1.1891691e-02    9.1137568e+00
-1.1959722e-02    9.1283338e+00
-1.2027899e-02    9.1429108e+00
-1.2096223e-02    9.1574878e+00
-1.2164695e-02    9.1720648e+00
-1.2233316e-02    9.1866418e+00
-1.2302088e-02    9.2012187e+00
-1.2371013e-02    9.2157957e+00
-1.2440091e-02    9.2303727e+00
-1.2509325e-02    9.2449497e+00
-1.2578715e-02    9.2595267e+00
-1.2648263e-02    9.2741037e+00
-1.2717970e-02    9.2886807e+00
-1.2787838e-02    9.3032576e+00
-1.2857868e-02    9.3178346e+00
-1.2928062e-02    9.3324116e+00
-1.2998420e-02    9.3469886e+00
-1.3068945e-02    9.3615656e+00
-1.3139638e-02    9.3761426e+00
-1.3210500e-02    9.3907196e+00
-1.3281533e-02    9.4052965e+00
-1.3352737e-02    9.4198735e+00
-1.3424115e-02    9.4344505e+00
-1.3495668e-02    9.4490275e+00
-1.3567397e-02    9.4636045e+00
-1.3639303e-02    9.4781815e+00
-1.3711389e-02    9.4927585e+00
-1.3783656e-02    9.5073354e+00
-1.3856104e-02    9.5219124e+00
-1.3928736e-02    9.5364894e+00
-1.4001552e-02    9.5510664e+00
-1.4074555e-02    9.5656434e+00
-1.4147745e-02    9.5802204e+00
-1.4221125e-02    9.5947974e+00
-1.4294695e-02    9.6093743e+00
-1.4368457e-02    9.6239513e+00
-1.4442412e-02    9.6385283e+00
-1.4516563e-02    9.6531053e+00
-1.4590910e-02    9.6676823e+00
-1.4665454e-02    9.6822593e+00
-1.4740198e-02    9.6968363e+00
-1.4815143e-02    9.7114132e+00
-1.4890289e-02    9.7259902e+00
-1.4965640e-02    9.7405672e+00
-1.5041195e-02    9.7551442e+00
-1.5116957e-02    9.7697212e+00
-1.5192927e-02    9.7842982e+00
-1.5269107e-02    9.7988752e+00
-1.5345497e-02    9.8134521e+00
-1.5422100e-02    9.8280291e+00
-1.5498917e-02    9.8426061e+00
-1.5575950e-02    9.8571831e+00
-1.5653199e-02    9.8717601e+00
-1.5730667e-02    9.8863371e+00
-1.5808354e-02    9.9009141e+00
-1.5886263e-02    9.9154910e+00
-1.5964395e-02    9.9300680e+00
-1.6042751e-02    9.9446450e+00
-1.6121333e-02    9.9592220e+00
-1.6200143e-02    9.9737990e+00
-1.6279181e-02    9.9883760e+00
-1.6358450e-02    1.0002953e+01
-1.6437950e-02    1.0017530e+01
-1.6517684e-02    1.0032107e+01
-1.6597654e-02    1.0046684e+01
-1.6677859e-02    1.0061261e+01
-1.6758303e-02    1.0075838e+01
-1.6838986e-02    1.0090415e+01
-1.6919910e-02    1.0104992e+01
-1.7001077e-02    1.0119569e+01
-1.7082488e-02    1.0134146e+01
-1.7164145e-02    1.0148723e+01
-1.7246049e-02    1.0163300e+01
-1.7328202e-02    1.0177877e+01
-1.7410605e-02    1.0192454e+01
-1.7493260e-02    1.0207031e+01
-1.7576169e-02    1.0221608e+01
-1.7659333e-02    1.0236185e+01
-1.7742753e-02    1.0250762e+01
-1.7826432e-02    1.0265339e+01
-1.7910370e-02    1.0279916e+01
-1.7994570e-02    1.0294493e+01
-1.8079033e-02    1.0309070e+01
-1.8163760e-02    1.0323647e+01
-1.8248753e-02    1.0338224e+01
-1.8334015e-02    1.0352801e+01
-1.8419545e-02    1.0367378e+01
-1.8505347e-02    1.0381955e+01
-1.8591421e-02    1.0396532e+01
-1.8677769e-02    1.0411109e+01
-1.8764393e-02    1.0425686e+01
-1.8851295e-02    1.0440263e+01
-1.8938475e-02    1.0454840e+01
-1.9025937e-02    1.0469416e+01
-1.9113680e-02    1.0483993e+01
-1.9201708e-02    1.0498570e+01
-1.9290021e-02    1.0513147e+01
-1.9378621e-02    1.0527724e+01
-1.9467511e-02    1.0542301e+01
-1.9556691e-02    1.0556878e+01
-1.9646163e-02    1.0571455e+01
-1.9735929e-02    1.0586032e+01
-1.9825990e-02    1.0600609e+01
-1.9916349e-02    1.0615186e+01
-2.0007007e-02    1.0629763e+01
-2.0097966e-02    1.0644340e+01
-2.0189226e-02    1.0658917e+01
-2.0280791e-02    1.0673494e+01
-2.0372661e-02    1.0688071e+01
-2.0464839e-02    1.0702648e+01
-2.0557326e-02    1.0717225e+01
-2.0650124e-02    1.0731802e+01
-2.0743234e-02    1.0746379e+01
-2.0836659e-02    1.0760956e+01
-2.0930400e-02    1.0775533e+01
-2.1024458e-02    1.0790110e+01
-2.1118836e-02    1.0804687e+01
-2.1213535e-02    1.0819264e+01
-2.1308557e-02    1.0833841e+01
-2.1403904e-02    1.0848418e+01
-2.1499577e-02    1.0862995e+01
-2.1595579e-02    1.0877572e+01
-2.1691911e-02    1.0892149e+01
-2.1788574e-02    1.0906726e+01
-2.1885571e-02    1.0921303e+01
-2.1982904e-02    1.0935880e+01
-2.2080573e-02    1.0950457e+01
-2.2178582e-02    1.0965034e+01
-2.2276931e-02    1.0979611e+01
-2.2375623e-02    1.0994188e+01
-2.2474659e-02    1.1008765e+01
-2.2574042e-02    1.1023342e+01
-2.2673772e-02    1.1037919e+01
-2.2773853e-02    1.1052496e+01
-2.2874285e-02    1.1067073e+01
-2.2975071e-02    1.1081650e+01
-2.3076212e-02    1.1096227e+01
-2.3177710e-02    1.1110804e+01
-2.3279568e-02    1.1125381e+01
-2.3381787e-02    1.1139958e+01
-2.3484368e-02    1.1154535e+01
-2.3587314e-02    1.1169112e+01
-2.3690627e-02    1.1183689e+01
-2.3794308e-02    1.1198266e+01
-2.3898360e-02    1.1212843e+01
-2.4002784e-02    1.1227420e+01
-2.4107583e-02    1.1241997e+01
-2.4212757e-02    1.1256574e+01
-2.4318310e-02    1.1271151e+01
-2.4424243e-02    1.1285728e+01
-2.4530557e-02    1.1300305e+01
-2.4637256e-02    1.1314882e+01
-2.4744340e-02    1.1329459e+01
-2.4851812e-02    1.1344036e+01
-2.4959674e-02    1.1358613e+01
-2.5067928e-02    1.1373190e+01
-2.5176575e-02    1.1387767e+01
-2.5285618e-02    1.1402344e+01
-2.5395058e-02    1.1416921e+01
-2.5504899e-02    1.1431498e+01
-2.5615141e-02    1.1446075e+01
-2.5725786e-02    1.1460652e+01
-2.5836838e-02    1.1475229e+01
-2.5948297e-02    1.1489805e+01
-2.6060166e-02    1.1504382e+01
-2.6172446e-02    1.1518959e+01
-2.6285141e-02    1.1533536e+01
-2.6398251e-02    1.1548113e+01
-2.6511779e-02    1.1562690e+01
-2.6625728e-02    1.1577267e+01
-2.6740098e-02    1.1591844e+01
-2.6854892e-02    1.1606421e+01
-2.6970113e-02    1.1620998e+01
-2.7085762e-02    1.1635575e+01
-2.7201842e-02    1.1650152e+01
-2.7318354e-02    1.1664729e+01
-2.7435300e-02    1.1679306e+01
-2.7552684e-02    1.1693883e+01
-2.7670506e-02    1.1708460e+01
-2.7788770e-02    1.1723037e+01
-2.7907476e-02    1.1737614e+01
-2.8026628e-02    1.1752191e+01
-2.8146228e-02    1.1766768e+01
-2.8266277e-02    1.1781345e+01
-2.8386778e-02    1.1795922e+01
-2.8507733e-02    1.1810499e+01
-2.8629144e-02    1.1825076e+01
-2.8751014e-02    1.1839653e+01
-2.8873345e-02    1.1854230e+01
-2.8996138e-02    1.1868807e+01
-2.9119396e-02    1.1883384e+01
-2.9243122e-02    1.1897961e+01
-2.9367317e-02    1.1912538e+01
-2.9491984e-02    1.1927115e+01
-2.9617125e-02    1.1941692e+01
-2.9742743e-02    1.1956269e+01
-2.9868839e-02    1.1970846e+01
-2.9995416e-02    1.1985423e+01
-3.0122476e-02    1.2000000e+01
 0.0000000e+00    1.2050125e+01
 0.0000000e+00    1.2100251e+01
 0.0000000e+00    1.2150376e+01
 0.0000000e+00    1.2200501e+01
 0.0000000e+00    1.2250627e+01
 0.0000000e+00    1.2300752e+01
 0.0000000e+00    1.2350877e+01
 0.0000000e+00    1.2401003e+01
 0.0000000e+00    1.2451128e+01
 0.0000000e+00    1.2501253e+01
 0.0000000e+00    1.2551378e+01
 0.0000000e+00    1.2601504e+01
 0.0000000e+00    1.2651629e+01
 0.0000000e+00    1.2701754e+01
 0.0000000e+00    1.2751880e+01
 0.0000000e+00    1.2802005e+01
 0.0000000e+00    1.2852130e+01
 0.0000000e+00    1.2902256e+01
 0.0000000e+00    1.2952381e+01
 0.0000000e+00    1.3002506e+01
 0.0000000e+00    1.3052632e+01
 0.0000000e+00    1.3102757e+01
 0.0000000e+00    1.3152882e+01
 0.0000000e+00    1.3203008e+01
 0.0000000e+00    1.3253133e+01
 0.0000000e+00    1.3303258e+01
 0.0000000e+00    1.3353383e+01
 0.0000000e+00    1.3403509e+01
 0.0000000e+00    1.3453634e+01
 0.0000000e+00    1.3503759e+01
 0.0000000e+00    1.3553885e+01
 0.0000000e+00    1.3604010e+01
 0.0000000e+00    1.3654135e+01
 0.0000000e+00    1.3704261e+01
 0.0000000e+00    1.3754386e+01
 0.0000000e+00    1.3804511e+01
 0.0000000e+00    1.3854637e+01
 0.0000000e+00    1.3904762e+01
 0.0000000e+00    1.3954887e+01
 0.0000000e+00    1.4005013e+01
 0.0000000e+00    1.4055138e+01
 0.0000000e+00    1.4105263e+01
 0.0000000e+00    1.4155388e+01
 0.0000000e+00    1.4205514e+01
 0.0000000e+00    1.4255639e+01
 0.0000000e+00    1.4305764e+01
 0.0000000e+00    1.4355890e+01
 0.0000000e+00    1.4406015e+01
 0.0000000e+00    1.4456140e+01
 0.0000000e+00    1.4506266e+01
 0.0000000e+00    1.4556391e+01
 0.0000000e+00    1.4606516e+01
 0.0000000e+00    1.4656642e+01
 0.0000000e+00    1.4706767e+01
 0.0000000e+00    1.4756892e+01
 0.0000000e+00    1.4807018e+01
 0.0000000e+00    1.4857143e+01
 0.0000000e+00    1.4907268e+01
 0.0000000e+00    1.4957393e+01
 0.0000000e+00    1.5007519e+01
 0.0000000e+00    1.5057644e+01
 0.0000000e+00    1.5107769e+01
 0.0000000e+00    1.5157895e+01
 0.0000000e+00    1.5208020e+01
 0.0000000e+00    1.5258145e+01
 0.0000000e+00    1.5308271e+01
 0.0000000e+00    1.5358396e+01
 0.0000000e+00    1.5408521e+01
 0.0000000e+00    1.5458647e+01
 0.0000000e+00    1.5508772e+01
 0.0000000e+00    1.5558897e+01
 0.0000000e+00    1.5609023e+01
 0.0000000e+00    1.5659148e+01
 0.0000000e+00    1.5709273e+01
 0.0000000e+00    1.5759398e+01
 0.0000000e+00    1.5809524e+01
 0.0000000e+00    1.5859649e+01
 0.0000000e+00    1.5909774e+01
 0.0000000e+00    1.5959900e+01
 0.0000000e+00    1.6010025e+01
 0.0000000e+00    1.6060150e+01
 0.0000000e+00    1.6110276e+01
 0.0000000e+00    1.6160401e+01
 0.0000000e+00    1.6210526e+01
 0.0000000e+00    1.6260652e+01
 0.0000000e+00    1.6310777e+01
 0.0000000e+00    1.6360902e+01
 0.0000000e+00    1.6411028e+01
 0.0000000e+00    1.6461153e+01
 0.0000000e+00    1.6511278e+01
 0.0000000e+00    1.6561404e+01
 0.0000000e+00    1.6611529e+01
 0.0000000e+00    1.6661654e+01
 0.0000000e+00    1.6711779e+01
 0.0000000e+00    1.6761905e+01
 0.0000000e+00    1.6812030e+01
 0.0000000e+00    1.6862155e+01
 0.0000000e+00    1.6912281e+01
 0.0000000e+00    1.6962406e+01
 0.0000000e+00    1.7012531e+01
 0.0000000e+00    1.7062657e+01
 0.0000000e+00    1.7112782e+01
 0.0000000e+00    1.7162907e+01
 0.0000000e+00    1.7213033e+01
 0.0000000e+00    1.7263158e+01
 0.0000000e+00    1.7313283e+01
 0.0000000e+00    1.7363409e+01
 0.0000000e+00    1.7413534e+01
 0.0000000e+00    1.7463659e+01
 0.0000000e+00    1.7513784e+01
 0.0000000e+00    1.7563910e+01
 0.0000000e+00    1.7614035e+01
 0.0000000e+00    1.7664160e+01
 0.0000000e+00    1.7714286e+01
 0.0000000e+00    1.7764411e+01
 0.0000000e+00    1.7814536e+01
 0.0000000e+00    1.7864662e+01
 0.0000000e+00    1.7914787e+01
 0.0000000e+00    1.7964912e+01
 0.0000000e+00    1.8015038e+01
 0.0000000e+00    1.8065163e+01
 0.0000000e+00    1.8115288e+01
 0.0000000e+00    1.8165414e+01
 0.0000000e+00    1.8215539e+01
 0.0000000e+00    1.8265664e+01
 0.0000000e+00    1.8315789e+01
 0.0000000e+00    1.8365915e+01
 0.0000000e+00    1.8416040e+01
 0.0000000e+00    1.8466165e+01
 0.0000000e+00    1.8516291e+01
 0.0000000e+00    1.8566416e+01
 0.0000000e+00    1.8616541e+01
 0.0000000e+00    1.8666667e+01
 0.0000000e+00    1.8716792e+01
 0.0000000e+00    1.8766917e+01
 0.0000000e+00    1.8817043e+01
 0.0000000e+00    1.8867168e+01
 0.0000000e+00    1.8917293e+01
 0.0000000e+00    1.8967419e+01
 0.0000000e+00    1.9017544e+01
 0.0000000e+00    1.9067669e+01
 0.0000000e+00    1.9117794e+01
 0.0000000e+00    1.9167920e+01
 0.0000000e+00    1.9218045e+01
 0.0000000e+00    1.9268170e+01
 0.0000000e+00    1.9318296e+01
 0.0000000e+00    1.9368421e+01
 0.0000000e+00    1.9418546e+01
 0.0000000e+00    1.9468672e+01
 0.0000000e+00    1.9518797e+01
 0.0000000e+00    1.9568922e+01
 0.0000000e+00    1.9619048e+01
 0.0000000e+00    1.9669173e+01
 0.0000000e+00    1.9719298e+01
 0.0000000e+00    1.9769424e+01
 0.0000000e+00    1.9819549e+01
 0.0000000e+00    1.9869674e+01
 0.0000000e+00    1.9919799e+01
 0.0000000e+00    1.9969925e+01
 0.0000000e+00    2.0020050e+01
 0.0000000e+00    2.0070175e+01
 0.0000000e+00    2.0120301e+01
 0.0000000e+00    2.0170426e+01
 0.0000000e+00    2.0220551e+01
 0.0000000e+00    2.0270677e+01
 0.0000000e+00    2.0320802e+01
 0.0000000e+00    2.0370927e+01
 0.0000000e+00    2.0421053e+01
 0.0000000e+00    2.0471178e+01
 0.0000000e+00    2.0521303e+01
 0.0000000e+00    2.0571429e+01
 0.0000000e+00    2.0621554e+01
 0.0000000e+00    2.0671679e+01
 0.0000000e+00    2.0721805e+01
 0.0000000e+00    2.0771930e+01
 0.0000000e+00    2.0822055e+01
 0.0000000e+00    2.0872180e+01
 0.0000000e+00    2.0922306e+01
 0.0000000e+00    2.0972431e+01
 0.0000000e+00    2.1022556e+01
 0.0000000e+00    2.1072682e+01
 0.0000000e+00    2.1122807e+01
 0.0000000e+00    2.1172932e+01
 0.0000000e+00    2.1223058e+01
 0.0000000e+00    2.1273183e+01
 0.0000000e+00    2.1323308e+01
 0.0000000e+00    2.1373434e+01
 0.0000000e+00    2.1423559e+01
 0.0000000e+00    2.1473684e+01
 0.0000000e+00    2.1523810e+01
 0.0000000e+00    2.1573935e+01
 0.0000000e+00    2.1624060e+01
 0.0000000e+00    2.1674185e+01
 0.0000000e+00    2.1724311e+01
 0.0000000e+00    2.1774436e+01
 0.0000000e+00    2.1824561e+01
 0.0000000e+00    2.1874687e+01
 0.0000000e+00    2.1924812e+01
 0.0000000e+00    2.1974937e+01
 0.0000000e+00    2.2025063e+01
 0.0000000e+00    2.2075188e+01
 0.0000000e+00    2.2125313e+01
 0.0000000e+00    2.2175439e+01
 0.0000000e+00    2.2225564e+01
 0.0000000e+00    2.2275689e+01
 0.0000000e+00    2.2325815e+01
 0.0000000e+00    2.2375940e+01
 0.0000000e+00    2.2426065e+01
 0.0000000e+00    2.2476190e+01
 0.0000000e+00    2.2526316e+01
 0.0000000e+00    2.2576441e+01
 0.0000000e+00    2.2626566e+01
 0.0000000e+00    2.2676692e+01
 0.0000000e+00    2.2726817e+01
 0.0000000e+00    2.2776942e+01
 0.0000000e+00    2.2827068e+01
 0.0000000e+00    2.2877193e+01
 0.0000000e+00    2.2927318e+01
 0.0000000e+00    2.2977444e+01
 0.0000000e+00    2.3027569e+01
 0.0000000e+00    2.3077694e+01
 0.0000000e+00    2.3127820e+01
 0.0000000e+00    2.3177945e+01
 0.0000000e+00    2.3228070e+01
 0.0000000e+00    2.3278195e+01
 0.0000000e+00    2.3328321e+01
 0.0000000e+00    2.3378446e+01
 0.0000000e+00    2.3428571e+01
 0.0000000e+00    2.3478697e+01
 0.0000000e+00    2.3528822e+01
 0.0000000e+00    2.3578947e+01
 0.0000000e+00    2.3629073e+01
 0.0000000e+00    2.3679198e+01
 0.0000000e+00    2.3729323e+01
 0.0000000e+00    2.3779449e+01
 0.0000000e+00    2.3829574e+01
 0.0000000e+00    2.3879699e+01
 0.0000000e+00    2.3929825e+01
 0.0000000e+00    2.3979950e+01
 0.0000000e+00    2.4030075e+01
 0.0000000e+00    2.4080201e+01
 0.0000000e+00    2.4130326e+01
 0.0000000e+00    2.4180451e+01
 0.0000000e+00    2.4230576e+01
 0.0000000e+00    2.4280702e+01
 0.0000000e+00    2.4330827e+01
 0.0000000e+00    2.4380952e+01
 0.0000000e+00    2.4431078e+01
 0.0000000e+00    2.4481203e+01
 0.0000000e+00    2.4531328e+01
 0.0000000e+00    2.4581454e+01
 0.0000000e+00    2.4631579e+01
 0.0000000e+00    2.4681704e+01
 0.0000000e+00    2.4731830e+01
 0.0000000e+00    2.4781955e+01
 0.0000000e+00    2.4832080e+01
 0.0000000e+00    2.4882206e+01
 0.0000000e+00    2.4932331e+01
 0.0000000e+00    2.4982456e+01
 0.0000000e+00    2.5032581e+01
 0.0000000e+00    2.5082707e+01
 0.0000000e+00    2.5132832e+01
 0.0000000e+00    2.5182957e+01
 0.0000000e+00    2.5233083e+01
 0.0000000e+00    2.5283208e+01
 0.0000000e+00    2.5333333e+01
 0.0000000e+00    2.5383459e+01
 0.0000000e+00    2.5433584e+01
 0.0000000e+00    2.5483709e+01
 0.0000000e+00    2.5533835e+01
 0.0000000e+00    2.5583960e+01
 0.0000000e+00    2.5634085e+01
 0.0000000e+00    2.5684211e+01
 0.0000000e+00    2.5734336e+01
 0.0000000e+00    2.5784461e+01
 0.0000000e+00    2.5834586e+01
 0.0000000e+00    2.5884712e+01
 0.0000000e+00    2.5934837e+01
 0.0000000e+00    2.5984962e+01
 0.0000000e+00    2.6035088e+01
 0.0000000e+00    2.6085213e+01
 0.0000000e+00    2.6135338e+01
 0.0000000e+00    2.6185464e+01
 0.0000000e+00    2.6235589e+01
 0.0000000e+00    2.6285714e+01
 0.0000000e+00    2.6335840e+01
 0.0000000e+00    2.6385965e+01
 0.0000000e+00    2.6436090e+01
 0.0000000e+00    2.6486216e+01
 0.0000000e+00    2.6536341e+01
 0.0000000e+00    2.6586466e+01
 0.0000000e+00    2.6636591e+01
 0.0000000e+00    2.6686717e+01
 0.0000000e+00    2.6736842e+01
 0.0000000e+00    2.6786967e+01
 0.0000000e+00    2.6837093e+01
 0.0000000e+00    2.6887218e+01
 0.0000000e+00    2.6937343e+01
 0.0000000e+00    2.6987469e+01
 0.0000000e+00    2.7037594e+01
 0.0000000e+00    2.7087719e+01
 0.0000000e+00    2.7137845e+01
 0.0000000e+00    2.7187970e+01
 0.0000000e+00    2.7238095e+01
 0.0000000e+00    2.7288221e+01
 0.0000000e+00    2.7338346e+01
 0.0000000e+00    2.7388471e+01
 0.0000000e+00    2.7438596e+01
 0.0000000e+00    2.7488722e+01
 0.0000000e+00    2.7538847e+01
 0.0000000e+00    2.7588972e+01
 0.0000000e+00    2.7639098e+01
 0.0000000e+00    2.7689223e+01
 0.0000000e+00    2.7739348e+01
 0.0000000e+00    2.7789474e+01
 0.0000000e+00    2.7839599e+01
 0.0000000e+00    2.7889724e+01
 0.0000000e+00    2.7939850e+01
 0.0000000e+00    2.7989975e+01
 0.0000000e+00    2.8040100e+01
 0.0000000e+00    2.8090226e+01
 0.0000000e+00    2.8140351e+01
 0.0000000e+00    2.8190476e+01
 0.0000000e+00    2.8240602e+01
 0.0000000e+00    2.8290727e+01
 0.0000000e+00    2.8340852e+01
 0.0000000e+00    2.8390977e+01
 0.0000000e+00    2.8441103e+01
 0.0000000e+00    2.8491228e+01
 0.0000000e+00    2.8541353e+01
 0.0000000e+00    2.8591479e+01
 0.0000000e+00    2.8641604e+01
 0.0000000e+00    2.8691729e+01
 0.0000000e+00    2.8741855e+01
 0.0000000e+00    2.8791980e+01
 0.0000000e+00    2.8842105e+01
 0.0000000e+00    2.8892231e+01
 0.0000000e+00    2.8942356e+01
 0.0000000e+00    2.8992481e+01
 0.0000000e+00    2.9042607e+01
 0.0000000e+00    2.9092732e+01
 0.0000000e+00    2.9142857e+01
 0.0000000e+00    2.9192982e+01
 0.0000000e+00    2.9243108e+01
 0.0000000e+00    2.9293233e+01
 0.0000000e+00    2.9343358e+01
 0.0000000e+00    2.9393484e+01
 0.0000000e+00    2.9443609e+01
 0.0000000e+00    2.9493734e+01
 0.0000000e+00    2.9543860e+01
 0.0000000e+00    2.9593985e+01
 0.0000000e+00    2.9644110e+01
 0.0000000e+00    2.9694236e+01
 0.0000000e+00    2.9744361e+01
 0.0000000e+00    2.9794486e+01
 0.0000000e+00    2.9844612e+01
 0.0000000e+00    2.9894737e+01
 0.0000000e+00    2.9944862e+01
 0.0000000e+00    2.9994987e+01
 0.0000000e+00    3.0045113e+01
 0.0000000e+00    3.0095238e+01
 0.0000000e+00    3.0145363e+01
 0.0000000e+00    3.0195489e+01
 0.0000000e+00    3.0245614e+01
 0.0000000e+00    3.0295739e+01
 0.0000000e+00    3.0345865e+01
 0.0000000e+00    3.0395990e+01
 0.0000000e+00    3.0446115e+01
 0.0000000e+00    3.0496241e+01
 0.0000000e+00    3.0546366e+01
 0.0000000e+00    3.0596491e+01
 0.0000000e+00    3.0646617e+01
 0.0000000e+00    3.0696742e+01
 0.0000000e+00    3.0746867e+01
 0.0000000e+00    3.0796992e+01
 0.0000000e+00    3.0847118e+01
 0.0000000e+00    3.0897243e+01
 0.0000000e+00    3.0947368e+01
 0.0000000e+00    3.0997494e+01
 0.0000000e+00    3.1047619e+01
 0.0000000e+00    3.1097744e+01
 0.0000000e+00    3.1147870e+01
 0.0000000e+00    3.1197995e+01
 0.0000000e+00    3.1248120e+01
 0.0000000e+00    3.1298246e+01
 0.0000000e+00    3.1348371e+01
 0.0000000e+00    3.1398496e+01
 0.0000000e+00    3.1448622e+01
 0.0000000e+00    3.1498747e+01
 0.0000000e+00    3.1548872e+01
 0.0000000e+00    3.1598997e+01
 0.0000000e+00    3.1649123e+01
 0.0000000e+00    3.1699248e+01
 0.0000000e+00    3.1749373e+01
 0.0000000e+00    3.1799499e+01
 0.0000000e+00    3.1849624e+01
 0.0000000e+00    3.1899749e+01
 0.0000000e+00    3.1949875e+01
 0.0000000e+00    3.2000000e+01
