-1.9936087e+00    1.0000000e-08
-1.9936052e+00    2.6310437e-03
-1.9935949e+00    5.2520661e-03
-1.9935777e+00    7.8730520e-03
-1.9935536e+00    1.0493984e-02
-1.9935227e+00    1.3114845e-02
-1.9934849e+00    1.5735616e-02
-1.9934402e+00    1.8356277e-02
-1.9933887e+00    2.0976812e-02
-1.9933303e+00    2.3597203e-02
-1.9932650e+00    2.6217432e-02
-1.9931929e+00    2.8837482e-02
-1.9931139e+00    3.1457335e-02
-1.9930281e+00    3.4076971e-02
-1.9929353e+00    3.6696373e-02
-1.9928358e+00    3.9315522e-02
-1.9927293e+00    4.1934400e-02
-1.9926160e+00    4.4552990e-02
-1.9924958e+00    4.7171273e-02
-1.9923688e+00    4.9789232e-02
-1.9922349e+00    5.2406849e-02
-1.9920942e+00    5.5024107e-02
-1.9919466e+00    5.7640988e-02
-1.9917921e+00    6.0257473e-02
-1.9916308e+00    6.2873545e-02
-1.9914627e+00    6.5489184e-02
-1.9912876e+00    6.8104373e-02
-1.9911058e+00    7.0719094e-02
-1.9909170e+00    7.3333328e-02
-1.9907215e+00    7.5947059e-02
-1.9905191e+00    7.8560267e-02
-1.9903098e+00    8.1172935e-02
-1.9900937e+00    8.3785045e-02
-1.9898707e+00    8.6396580e-02
-1.9896409e+00    8.9007521e-02
-1.9894043e+00    9.1617852e-02
-1.9891608e+00    9.4227554e-02
-1.9889105e+00    9.6836608e-02
-1.9886534e+00    9.9444998e-02
-1.9883894e+00    1.0205270e-01
-1.9881186e+00    1.0465971e-01
-1.9878409e+00    1.0726599e-01
-1.9875565e+00    1.0987154e-01
-1.9872652e+00    1.1247634e-01
-1.9869671e+00    1.1508036e-01
-1.9866621e+00    1.1768359e-01
-1.9863504e+00    1.2028601e-01
-1.9860318e+00    1.2288760e-01
-1.9857064e+00    1.2548835e-01
-1.9853742e+00    1.2808824e-01
-1.9850352e+00    1.3068725e-01
-1.9846894e+00    1.3328536e-01
-1.9843367e+00    1.3588255e-01
-1.9839773e+00    1.3847881e-01
-1.9836110e+00    1.4107412e-01
-1.9832380e+00    1.4366847e-01
-1.9828582e+00    1.4626182e-01
-1.9824716e+00    1.4885417e-01
-1.9820781e+00    1.5144550e-01
-1.9816779e+00    1.5403578e-01
-1.9812709e+00    1.5662501e-01
-1.9808572e+00    1.5921316e-01
-1.9804366e+00    1.6180022e-01
-1.9800093e+00    1.6438616e-01
-1.9795752e+00    1.6697098e-01
-1.9791343e+00    1.6955465e-01
-1.9786867e+00    1.7213715e-01
-1.9782323e+00    1.7471847e-01
-1.9777711e+00    1.7729859e-01
-1.9773032e+00    1.7987750e-01
-1.9768285e+00    1.8245516e-01
-1.9763471e+00    1.8503158e-01
-1.9758589e+00    1.8760672e-01
-1.9753639e+00    1.9018058e-01
-1.9748623e+00    1.9275312e-01
-1.9743539e+00    1.9532435e-01
-1.9738387e+00    1.9789423e-01
-1.9733168e+00    2.0046275e-01
-1.9727882e+00    2.0302990e-01
-1.9722529e+00    2.0559564e-01
-1.9717109e+00    2.0815998e-01
-1.9711621e+00    2.1072289e-01
-1.9706066e+00    2.1328435e-01
-1.9700444e+00    2.1584434e-01
-1.9694755e+00    2.1840285e-01
-1.9688999e+00    2.2095986e-01
-1.9683176e+00    2.2351535e-01
-1.9677287e+00    2.2606931e-01
-1.9671330e+00    2.2862171e-01
-1.9665306e+00    2.3117254e-01
-1.9659216e+00    2.3372179e-01
-1.9653059e+00    2.3626943e-01
-1.9646835e+00    2.3881544e-01
-1.9640544e+00    2.4135982e-01
-1.9634187e+00    2.4390254e-01
-1.9627763e+00    2.4644358e-01
-1.9621272e+00    2.4898293e-01
-1.9614716e+00    2.5152056e-01
-1.9608092e+00    2.5405647e-01
-1.9601402e+00    2.5659064e-01
-1.9594646e+00    2.5912304e-01
-1.9587824e+00    2.6165366e-01
-1.9580935e+00    2.6418248e-01
-1.9573980e+00    2.6670949e-01
-1.9566959e+00    2.6923467e-01
-1.9559871e+00    2.7175799e-01
-1.9552718e+00    2.7427945e-01
-1.9545499e+00    2.7679903e-01
-1.9538213e+00    2.7931670e-01
-1.9530862e+00    2.8183246e-01
-1.9523444e+00    2.8434627e-01
-1.9515961e+00    2.8685814e-01
-1.9508412e+00    2.8936803e-01
-1.9500798e+00    2.9187594e-01
-1.9493117e+00    2.9438184e-01
-1.9485372e+00    2.9688572e-01
-1.9477560e+00    2.9938756e-01
-1.9469683e+00    3.0188734e-01
-1.9461741e+00    3.0438505e-01
-1.9453733e+00    3.0688067e-01
-1.9445659e+00    3.0937417e-01
-1.9437521e+00    3.1186556e-01
-1.9429317e+00    3.1435480e-01
-1.9421048e+00    3.1684188e-01
-1.9412714e+00    3.1932678e-01
-1.9404315e+00    3.2180949e-01
-1.9395850e+00    3.2428999e-01
-1.9387321e+00    3.2676826e-01
-1.9378727e+00    3.2924429e-01
-1.9370068e+00    3.3171806e-01
-1.9361344e+00    3.3418954e-01
-1.9352556e+00    3.3665873e-01
-1.9343703e+00    3.3912561e-01
-1.9334785e+00    3.4159016e-01
-1.9325803e+00    3.4405236e-01
-1.9316756e+00    3.4651220e-01
-1.9307645e+00    3.4896965e-01
-1.9298470e+00    3.5142471e-01
-1.9289230e+00    3.5387736e-01
-1.9279926e+00    3.5632757e-01
-1.9270558e+00    3.5877534e-01
-1.9261126e+00    3.6122064e-01
-1.9251629e+00    3.6366346e-01
-1.9242069e+00    3.6610378e-01
-1.9232445e+00    3.6854159e-01
-1.9222757e+00    3.7097686e-01
-1.9213005e+00    3.7340959e-01
-1.9203190e+00    3.7583975e-01
-1.9193311e+00    3.7826733e-01
-1.9183368e+00    3.8069231e-01
-1.9173362e+00    3.8311467e-01
-1.9163292e+00    3.8553441e-01
-1.9153159e+00    3.8795149e-01
-1.9142963e+00    3.9036591e-01
-1.9132704e+00    3.9277765e-01
-1.9122381e+00    3.9518669e-01
-1.9111996e+00    3.9759301e-01
-1.9101547e+00    3.9999660e-01
-1.9091035e+00    4.0239745e-01
-1.9080461e+00    4.0479553e-01
-1.9069824e+00    4.0719083e-01
-1.9059124e+00    4.0958333e-01
-1.9048361e+00    4.1197302e-01
-1.9037536e+00    4.1435988e-01
-1.9026648e+00    4.1674389e-01
-1.9015698e+00    4.1912504e-01
-1.9004686e+00    4.2150331e-01
-1.8993611e+00    4.2387869e-01
-1.8982474e+00    4.2625115e-01
-1.8971275e+00    4.2862068e-01
-1.8960014e+00    4.3098727e-01
-1.8948691e+00    4.3335090e-01
-1.8937306e+00    4.3571155e-01
-1.8925859e+00    4.3806921e-01
-1.8914351e+00    4.4042386e-01
-1.8902781e+00    4.4277549e-01
-1.8891149e+00    4.4512407e-01
-1.8879456e+00    4.4746959e-01
-1.8867702e+00    4.4981205e-01
-1.8855886e+00    4.5215141e-01
-1.8844009e+00    4.5448766e-01
-1.8832071e+00    4.5682079e-01
-1.8820071e+00    4.5915079e-01
-1.8808011e+00    4.6147763e-01
-1.8795890e+00    4.6380130e-01
-1.8783708e+00    4.6612178e-01
-1.8771465e+00    4.6843906e-01
-1.8759161e+00    4.7075313e-01
-1.8746797e+00    4.7306396e-01
-1.8734373e+00    4.7537154e-01
-1.8721888e+00    4.7767585e-01
-1.8709342e+00    4.7997689e-01
-1.8696737e+00    4.8227462e-01
-1.8684071e+00    4.8456905e-01
-1.8671346e+00    4.8686014e-01
-1.8658560e+00    4.8914789e-01
-1.8645714e+00    4.9143228e-01
-1.8632809e+00    4.9371330e-01
-1.8619844e+00    4.9599092e-01
-1.8606819e+00    4.9826513e-01
-1.8593735e+00    5.0053593e-01
-1.8580591e+00    5.0280328e-01
-1.8567388e+00    5.0506718e-01
-1.8554126e+00    5.0732761e-01
-1.8540804e+00    5.0958456e-01
-1.8527424e+00    5.1183801e-01
-1.8513984e+00    5.1408794e-01
-1.8500486e+00    5.1633433e-01
-1.8486929e+00    5.1857718e-01
-1.8473313e+00    5.2081647e-01
-1.8459638e+00    5.2305219e-01
-1.8445905e+00    5.2528430e-01
-1.8432114e+00    5.2751281e-01
-1.8418264e+00    5.2973770e-01
-1.8404356e+00    5.3195895e-01
-1.8390390e+00    5.3417654e-01
-1.8376365e+00    5.3639047e-01
-1.8362283e+00    5.3860071e-01
-1.8348143e+00    5.4080725e-01
-1.8333945e+00    5.4301007e-01
-1.8319690e+00    5.4520917e-01
-1.8305377e+00    5.4740452e-01
-1.8291007e+00    5.4959611e-01
-1.8276579e+00    5.5178392e-01
-1.8262094e+00    5.5396795e-01
-1.8247551e+00    5.5614817e-01
-1.8232952e+00    5.5832457e-01
-1.8218296e+00    5.6049713e-01
-1.8203583e+00    5.6266584e-01
-1.8188813e+00    5.6483069e-01
-1.8173987e+00    5.6699166e-01
-1.8159104e+00    5.6914874e-01
-1.8144164e+00    5.7130190e-01
-1.8129168e+00    5.7345114e-01
-1.8114116e+00    5.7559644e-01
-1.8099008e+00    5.7773779e-01
-1.8083844e+00    5.7987517e-01
-1.8068623e+00    5.8200857e-01
-1.8053347e+00    5.8413796e-01
-1.8038016e+00    5.8626335e-01
-1.8022628e+00    5.8838471e-01
-1.8007185e+00    5.9050203e-01
-1.7991687e+00    5.9261529e-01
-1.7976133e+00    5.9472448e-01
-1.7960525e+00    5.9682959e-01
-1.7944861e+00    5.9893059e-01
-1.7929142e+00    6.0102748e-01
-1.7913368e+00    6.0312025e-01
-1.7897540e+00    6.0520887e-01
-1.7881657e+00    6.0729333e-01
-1.7865719e+00    6.0937363e-01
-1.7849727e+00    6.1144973e-01
-1.7833680e+00    6.1352164e-01
-1.7817580e+00    6.1558934e-01
-1.7801425e+00    6.1765280e-01
-1.7785216e+00    6.1971202e-01
-1.7768954e+00    6.2176699e-01
-1.7752637e+00    6.2381768e-01
-1.7736267e+00    6.2586410e-01
-1.7719844e+00    6.2790621e-01
-1.7703367e+00    6.2994401e-01
-1.7686836e+00    6.3197748e-01
-1.7670253e+00    6.3400661e-01
-1.7653616e+00    6.3603139e-01
-1.7636927e+00    6.3805179e-01
-1.7620184e+00    6.4006782e-01
-1.7603389e+00    6.4207945e-01
-1.7586541e+00    6.4408667e-01
-1.7569641e+00    6.4608946e-01
-1.7552688e+00    6.4808782e-01
-1.7535683e+00    6.5008173e-01
-1.7518626e+00    6.5207117e-01
-1.7501517e+00    6.5405613e-01
-1.7484356e+00    6.5603660e-01
-1.7467143e+00    6.5801256e-01
-1.7449878e+00    6.5998401e-01
-1.7432562e+00    6.6195092e-01
-1.7415194e+00    6.6391328e-01
-1.7397775e+00    6.6587109e-01
-1.7380305e+00    6.6782432e-01
-1.7362784e+00    6.6977297e-01
-1.7345212e+00    6.7171701e-01
-1.7327588e+00    6.7365644e-01
-1.7309915e+00    6.7559124e-01
-1.7292190e+00    6.7752141e-01
-1.7274415e+00    6.7944692e-01
-1.7256590e+00    6.8136776e-01
-1.7238714e+00    6.8328393e-01
-1.7220788e+00    6.8519540e-01
-1.7202813e+00    6.8710216e-01
-1.7184787e+00    6.8900421e-01
-1.7166712e+00    6.9090152e-01
-1.7148587e+00    6.9279409e-01
-1.7130413e+00    6.9468190e-01
-1.7112189e+00    6.9656494e-01
-1.7093916e+00    6.9844320e-01
-1.7075593e+00    7.0031666e-01
-1.7057222e+00    7.0218530e-01
-1.7038802e+00    7.0404913e-01
-1.7020333e+00    7.0590812e-01
-1.7001816e+00    7.0776226e-01
-1.6983250e+00    7.0961154e-01
-1.6964636e+00    7.1145595e-01
-1.6945973e+00    7.1329547e-01
-1.6927263e+00    7.1513009e-01
-1.6908504e+00    7.1695981e-01
-1.6889698e+00    7.1878459e-01
-1.6870843e+00    7.2060444e-01
-1.6851942e+00    7.2241934e-01
-1.6832992e+00    7.2422928e-01
-1.6813996e+00    7.2603425e-01
-1.6794952e+00    7.2783423e-01
-1.6775861e+00    7.2962921e-01
-1.6756724e+00    7.3141918e-01
-1.6737539e+00    7.3320413e-01
-1.6718308e+00    7.3498404e-01
-1.6699030e+00    7.3675890e-01
-1.6679706e+00    7.3852871e-01
-1.6660335e+00    7.4029344e-01
-1.6640919e+00    7.4205309e-01
-1.6621456e+00    7.4380764e-01
-1.6601948e+00    7.4555708e-01
-1.6582393e+00    7.4730140e-01
-1.6562794e+00    7.4904059e-01
-1.6543148e+00    7.5077464e-01
-1.6523458e+00    7.5250353e-01
-1.6503722e+00    7.5422725e-01
-1.6483941e+00    7.5594580e-01
-1.6464115e+00    7.5765915e-01
-1.6444244e+00    7.5936730e-01
-1.6424329e+00    7.6107023e-01
-1.6404369e+00    7.6276794e-01
-1.6384365e+00    7.6446040e-01
-1.6364317e+00    7.6614762e-01
-1.6344224e+00    7.6782958e-01
-1.6324088e+00    7.6950626e-01
-1.6303907e+00    7.7117766e-01
-1.6283683e+00    7.7284377e-01
-1.6263416e+00    7.7450456e-01
-1.6243105e+00    7.7616004e-01
-1.6222750e+00    7.7781019e-01
-1.6202353e+00    7.7945499e-01
-1.6181913e+00    7.8109445e-01
-1.6161429e+00    7.8272853e-01
-1.6140903e+00    7.8435725e-01
-1.6120335e+00    7.8598058e-01
-1.6099724e+00    7.8759850e-01
-1.6079070e+00    7.8921103e-01
-1.6058375e+00    7.9081813e-01
-1.6037638e+00    7.9241980e-01
-1.6016858e+00    7.9401603e-01
-1.5996037e+00    7.9560680e-01
-1.5975175e+00    7.9719212e-01
-1.5954271e+00    7.9877195e-01
-1.5933326e+00    8.0034631e-01
-1.5912339e+00    8.0191516e-01
-1.5891312e+00    8.0347852e-01
-1.5870243e+00    8.0503635e-01
-1.5849134e+00    8.0658865e-01
-1.5827985e+00    8.0813542e-01
-1.5806795e+00    8.0967663e-01
-1.5785565e+00    8.1121229e-01
-1.5764294e+00    8.1274238e-01
-1.5742984e+00    8.1426688e-01
-1.5721634e+00    8.1578580e-01
-1.5700244e+00    8.1729911e-01
-1.5678814e+00    8.1880681e-01
-1.5657346e+00    8.2030888e-01
-1.5635838e+00    8.2180533e-01
-1.5614290e+00    8.2329613e-01
-1.5592704e+00    8.2478127e-01
-1.5571079e+00    8.2626076e-01
-1.5549416e+00    8.2773457e-01
-1.5527714e+00    8.2920269e-01
-1.5505973e+00    8.3066512e-01
-1.5484195e+00    8.3212185e-01
-1.5462378e+00    8.3357287e-01
-1.5440523e+00    8.3501816e-01
-1.5418631e+00    8.3645771e-01
-1.5396701e+00    8.3789153e-01
-1.5374734e+00    8.3931958e-01
-1.5352729e+00    8.4074188e-01
-1.5330687e+00    8.4215840e-01
-1.5308608e+00    8.4356914e-01
-1.5286493e+00    8.4497409e-01
-1.5264340e+00    8.4637324e-01
-1.5242151e+00    8.4776657e-01
-1.5219926e+00    8.4915409e-01
-1.5197664e+00    8.5053577e-01
-1.5175367e+00    8.5191161e-01
-1.5153033e+00    8.5328160e-01
-1.5130664e+00    8.5464574e-01
-1.5108259e+00    8.5600400e-01
-1.5085818e+00    8.5735639e-01
-1.5063342e+00    8.5870289e-01
-1.5040831e+00    8.6004350e-01
-1.5018285e+00    8.6137820e-01
-1.4995705e+00    8.6270698e-01
-1.4973089e+00    8.6402985e-01
-1.4950439e+00    8.6534677e-01
-1.4927755e+00    8.6665776e-01
-1.4905036e+00    8.6796280e-01
-1.4882283e+00    8.6926188e-01
-1.4859497e+00    8.7055499e-01
-1.4836676e+00    8.7184212e-01
-1.4813822e+00    8.7312326e-01
-1.4790935e+00    8.7439841e-01
-1.4768014e+00    8.7566756e-01
-1.4745060e+00    8.7693070e-01
-1.4722073e+00    8.7818781e-01
-1.4699053e+00    8.7943889e-01
-1.4676001e+00    8.8068394e-01
-1.4652916e+00    8.8192294e-01
-1.4629799e+00    8.8315588e-01
-1.4606650e+00    8.8438276e-01
-1.4583468e+00    8.8560357e-01
-1.4560255e+00    8.8681830e-01
-1.4537010e+00    8.8802694e-01
-1.4513734e+00    8.8922948e-01
-1.4490426e+00    8.9042592e-01
-1.4467087e+00    8.9161624e-01
-1.4443717e+00    8.9280044e-01
-1.4420315e+00    8.9397851e-01
-1.4396884e+00    8.9515045e-01
-1.4373421e+00    8.9631624e-01
-1.4349928e+00    8.9747587e-01
-1.4326405e+00    8.9862934e-01
-1.4302852e+00    8.9977665e-01
-1.4279269e+00    9.0091777e-01
-1.4255656e+00    9.0205271e-01
-1.4232014e+00    9.0318146e-01
-1.4208342e+00    9.0430401e-01
-1.4184641e+00    9.0542035e-01
-1.4160910e+00    9.0653047e-01
-1.4137151e+00    9.0763437e-01
-1.4113363e+00    9.0873203e-01
-1.4089546e+00    9.0982346e-01
-1.4065701e+00    9.1090864e-01
-1.4041827e+00    9.1198757e-01
-1.4017926e+00    9.1306024e-01
-1.3993996e+00    9.1412664e-01
-1.3970039e+00    9.1518676e-01
-1.3946054e+00    9.1624060e-01
-1.3922041e+00    9.1728815e-01
-1.3898001e+00    9.1832940e-01
-1.3873934e+00    9.1936435e-01
-1.3849840e+00    9.2039299e-01
-1.3825719e+00    9.2141530e-01
-1.3801572e+00    9.2243130e-01
-1.3777398e+00    9.2344096e-01
-1.3753198e+00    9.2444427e-01
-1.3728971e+00    9.2544125e-01
-1.3704719e+00    9.2643187e-01
-1.3680441e+00    9.2741613e-01
-1.3656137e+00    9.2839402e-01
-1.3631807e+00    9.2936554e-01
-1.3607452e+00    9.3033068e-01
-1.3583073e+00    9.3128944e-01
-1.3558668e+00    9.3224180e-01
-1.3534238e+00    9.3318776e-01
-1.3509784e+00    9.3412731e-01
-1.3485305e+00    9.3506046e-01
-1.3460802e+00    9.3598718e-01
-1.3436274e+00    9.3690748e-01
-1.3411723e+00    9.3782134e-01
-1.3387148e+00    9.3872877e-01
-1.3362549e+00    9.3962976e-01
-1.3337927e+00    9.4052429e-01
-1.3313282e+00    9.4141237e-01
-1.3288613e+00    9.4229398e-01
-1.3263922e+00    9.4316913e-01
-1.3239207e+00    9.4403780e-01
-1.3214470e+00    9.4489999e-01
-1.3189711e+00    9.4575570e-01
-1.3164929e+00    9.4660491e-01
-1.3140125e+00    9.4744763e-01
-1.3115299e+00    9.4828384e-01
-1.3090452e+00    9.4911354e-01
-1.3065583e+00    9.4993673e-01
-1.3040692e+00    9.5075340e-01
-1.3015780e+00    9.5156354e-01
-1.2990847e+00    9.5236715e-01
-1.2965893e+00    9.5316422e-01
-1.2940919e+00    9.5395475e-01
-1.2915924e+00    9.5473873e-01
-1.2890908e+00    9.5551615e-01
-1.2865872e+00    9.5628702e-01
-1.2840816e+00    9.5705132e-01
-1.2815741e+00    9.5780906e-01
-1.2790645e+00    9.5856022e-01
-1.2765530e+00    9.5930480e-01
-1.2740396e+00    9.6004279e-01
-1.2715242e+00    9.6077420e-01
-1.2690070e+00    9.6149901e-01
-1.2664878e+00    9.6221722e-01
-1.2639668e+00    9.6292883e-01
-1.2614439e+00    9.6363383e-01
-1.2589192e+00    9.6433221e-01
-1.2563927e+00    9.6502397e-01
-1.2538644e+00    9.6570912e-01
-1.2513343e+00    9.6638763e-01
-1.2488025e+00    9.6705951e-01
-1.2462689e+00    9.6772475e-01
-1.2437336e+00    9.6838335e-01
-1.2411965e+00    9.6903530e-01
-1.2386578e+00    9.6968060e-01
-1.2361174e+00    9.7031924e-01
-1.2335753e+00    9.7095123e-01
-1.2310316e+00    9.7157655e-01
-1.2284863e+00    9.7219520e-01
-1.2259393e+00    9.7280719e-01
-1.2233908e+00    9.7341249e-01
-1.2208407e+00    9.7401111e-01
-1.2182890e+00    9.7460305e-01
-1.2157358e+00    9.7518830e-01
-1.2131811e+00    9.7576685e-01
-1.2106249e+00    9.7633871e-01
-1.2080672e+00    9.7690387e-01
-1.2055081e+00    9.7746232e-01
-1.2029474e+00    9.7801406e-01
-1.2003854e+00    9.7855909e-01
-1.1978220e+00    9.7909741e-01
-1.1952571e+00    9.7962900e-01
-1.1926909e+00    9.8015388e-01
-1.1901233e+00    9.8067202e-01
-1.1875544e+00    9.8118344e-01
-1.1849841e+00    9.8168812e-01
-1.1824125e+00    9.8218606e-01
-1.1798397e+00    9.8267726e-01
-1.1772655e+00    9.8316172e-01
-1.1746902e+00    9.8363943e-01
-1.1721135e+00    9.8411039e-01
-1.1695357e+00    9.8457460e-01
-1.1669567e+00    9.8503205e-01
-1.1643764e+00    9.8548274e-01
-1.1617951e+00    9.8592666e-01
-1.1592125e+00    9.8636382e-01
-1.1566289e+00    9.8679421e-01
-1.1540441e+00    9.8721783e-01
-1.1514582e+00    9.8763468e-01
-1.1488713e+00    9.8804474e-01
-1.1462832e+00    9.8844803e-01
-1.1436942e+00    9.8884453e-01
-1.1411041e+00    9.8923425e-01
-1.1385130e+00    9.8961717e-01
-1.1359210e+00    9.8999331e-01
-1.1333279e+00    9.9036265e-01
-1.1307339e+00    9.9072520e-01
-1.1281390e+00    9.9108094e-01
-1.1255431e+00    9.9142989e-01
-1.1229464e+00    9.9177203e-01
-1.1203488e+00    9.9210737e-01
-1.1177503e+00    9.9243590e-01
-1.1151509e+00    9.9275761e-01
-1.1125508e+00    9.9307252e-01
-1.1099498e+00    9.9338061e-01
-1.1073480e+00    9.9368188e-01
-1.1047455e+00    9.9397634e-01
-1.1021422e+00    9.9426397e-01
-1.0995382e+00    9.9454478e-01
-1.0969334e+00    9.9481877e-01
-1.0943280e+00    9.9508593e-01
-1.0917218e+00    9.9534626e-01
-1.0891150e+00    9.9559976e-01
-1.0865076e+00    9.9584643e-01
-1.0838995e+00    9.9608627e-01
-1.0812908e+00    9.9631927e-01
-1.0786815e+00    9.9654544e-01
-1.0760716e+00    9.9676476e-01
-1.0734612e+00    9.9697725e-01
-1.0708502e+00    9.9718290e-01
-1.0682387e+00    9.9738170e-01
-1.0656267e+00    9.9757366e-01
-1.0630142e+00    9.9775878e-01
-1.0604012e+00    9.9793705e-01
-1.0577878e+00    9.9810847e-01
-1.0551740e+00    9.9827304e-01
-1.0525597e+00    9.9843076e-01
-1.0499451e+00    9.9858164e-01
-1.0473300e+00    9.9872566e-01
-1.0447146e+00    9.9886283e-01
-1.0420989e+00    9.9899314e-01
-1.0394828e+00    9.9911660e-01
-1.0368664e+00    9.9923321e-01
-1.0342498e+00    9.9934296e-01
-1.0316328e+00    9.9944585e-01
-1.0290156e+00    9.9954188e-01
-1.0263982e+00    9.9963106e-01
-1.0237806e+00    9.9971338e-01
-1.0211627e+00    9.9978884e-01
-1.0185447e+00    9.9985744e-01
-1.0159265e+00    9.9991918e-01
-1.0133082e+00    9.9997405e-01
-1.0106897e+00    1.0000221e+00
-1.0080711e+00    1.0000632e+00
-1.0054524e+00    1.0000975e+00
-1.0028337e+00    1.0001250e+00
-1.0002149e+00    1.0001455e+00
-9.9759606e-01    1.0001592e+00
-9.9497720e-01    1.0001661e+00
-9.9235834e-01    1.0001661e+00
-9.8973950e-01    1.0001592e+00
-9.8712069e-01    1.0001455e+00
-9.8450193e-01    1.0001249e+00
-9.8188324e-01    1.0000974e+00
-9.7926464e-01    1.0000631e+00
-9.7664615e-01    1.0000219e+00
-9.7402778e-01    9.9997386e-01
-9.7140955e-01    9.9991896e-01
-9.6879148e-01    9.9985720e-01
-9.6617359e-01    9.9978858e-01
-9.6355589e-01    9.9971310e-01
-9.6093841e-01    9.9963076e-01
-9.5832116e-01    9.9954156e-01
-9.5570416e-01    9.9944551e-01
-9.5308743e-01    9.9934260e-01
-9.5047098e-01    9.9923283e-01
-9.4785484e-01    9.9911621e-01
-9.4523902e-01    9.9899273e-01
-9.4262353e-01    9.9886241e-01
-9.4000841e-01    9.9872523e-01
-9.3739366e-01    9.9858119e-01
-9.3477930e-01    9.9843031e-01
-9.3216536e-01    9.9827258e-01
-9.2955185e-01    9.9810800e-01
-9.2693878e-01    9.9793658e-01
-9.2432618e-01    9.9775831e-01
-9.2171406e-01    9.9757319e-01
-9.1910244e-01    9.9738123e-01
-9.1649134e-01    9.9718243e-01
-9.1388078e-01    9.9697679e-01
-9.1127077e-01    9.9676432e-01
-9.0866134e-01    9.9654500e-01
-9.0605250e-01    9.9631885e-01
-9.0344426e-01    9.9608586e-01
-9.0083666e-01    9.9584604e-01
-8.9822969e-01    9.9559939e-01
-8.9562339e-01    9.9534591e-01
-8.9301777e-01    9.9508561e-01
-8.9041285e-01    9.9481848e-01
-8.8780865e-01    9.9454452e-01
-8.8520517e-01    9.9426374e-01
-8.8260246e-01    9.9397615e-01
-8.8000051e-01    9.9368173e-01
-8.7739934e-01    9.9338050e-01
-8.7479899e-01    9.9307246e-01
-8.7219946e-01    9.9275760e-01
-8.6960076e-01    9.9243594e-01
-8.6700293e-01    9.9210747e-01
-8.6440598e-01    9.9177219e-01
-8.6180992e-01    9.9143011e-01
-8.5921477e-01    9.9108124e-01
-8.5662055e-01    9.9072556e-01
-8.5402728e-01    9.9036309e-01
-8.5143498e-01    9.8999383e-01
-8.4884366e-01    9.8961777e-01
-8.4625335e-01    9.8923493e-01
-8.4366405e-01    9.8884531e-01
-8.4107579e-01    9.8844890e-01
-8.3848858e-01    9.8804571e-01
-8.3590245e-01    9.8763575e-01
-8.3331741e-01    9.8721902e-01
-8.3073348e-01    9.8679551e-01
-8.2815067e-01    9.8636524e-01
-8.2556901e-01    9.8592820e-01
-8.2298850e-01    9.8548440e-01
-8.2040918e-01    9.8503384e-01
-8.1783106e-01    9.8457653e-01
-8.1525415e-01    9.8411246e-01
-8.1267847e-01    9.8364164e-01
-8.1010404e-01    9.8316408e-01
-8.0753088e-01    9.8267978e-01
-8.0495901e-01    9.8218874e-01
-8.0238844e-01    9.8169096e-01
-7.9981919e-01    9.8118645e-01
-7.9725128e-01    9.8067521e-01
-7.9468472e-01    9.8015725e-01
-7.9211954e-01    9.7963257e-01
-7.8955575e-01    9.7910116e-01
-7.8699337e-01    9.7856305e-01
-7.8443241e-01    9.7801822e-01
-7.8187290e-01    9.7746669e-01
-7.7931485e-01    9.7690845e-01
-7.7675828e-01    9.7634351e-01
-7.7420321e-01    9.7577188e-01
-7.7164965e-01    9.7519356e-01
-7.6909763e-01    9.7460856e-01
-7.6654715e-01    9.7401686e-01
-7.6399824e-01    9.7341850e-01
-7.6145091e-01    9.7281345e-01
-7.5890519e-01    9.7220174e-01
-7.5636109e-01    9.7158336e-01
-7.5381862e-01    9.7095831e-01
-7.5127781e-01    9.7032661e-01
-7.4873867e-01    9.6968826e-01
-7.4620122e-01    9.6904326e-01
-7.4366547e-01    9.6839161e-01
-7.4113145e-01    9.6773333e-01
-7.3859918e-01    9.6706840e-01
-7.3606866e-01    9.6639685e-01
-7.3353991e-01    9.6571867e-01
-7.3101296e-01    9.6503388e-01
-7.2848783e-01    9.6434246e-01
-7.2596452e-01    9.6364443e-01
-7.2344305e-01    9.6293980e-01
-7.2092345e-01    9.6222856e-01
-7.1840573e-01    9.6151073e-01
-7.1588991e-01    9.6078631e-01
-7.1337600e-01    9.6005529e-01
-7.1086403e-01    9.5931770e-01
-7.0835400e-01    9.5857353e-01
-7.0584594e-01    9.5782279e-01
-7.0333987e-01    9.5706548e-01
-7.0083580e-01    9.5630161e-01
-6.9833374e-01    9.5553118e-01
-6.9583372e-01    9.5475421e-01
-6.9333575e-01    9.5397069e-01
-6.9083986e-01    9.5318063e-01
-6.8834605e-01    9.5238403e-01
-6.8585434e-01    9.5158091e-01
-6.8336476e-01    9.5077126e-01
-6.8087731e-01    9.4995510e-01
-6.7839202e-01    9.4913242e-01
-6.7590890e-01    9.4830324e-01
-6.7342797e-01    9.4746755e-01
-6.7094925e-01    9.4662537e-01
-6.6847275e-01    9.4577671e-01
-6.6599850e-01    9.4492156e-01
-6.6352650e-01    9.4405993e-01
-6.6105677e-01    9.4319183e-01
-6.5858934e-01    9.4231727e-01
-6.5612422e-01    9.4143625e-01
-6.5366142e-01    9.4054877e-01
-6.5120096e-01    9.3965485e-01
-6.4874286e-01    9.3875449e-01
-6.4628714e-01    9.3784769e-01
-6.4383381e-01    9.3693447e-01
-6.4138290e-01    9.3601482e-01
-6.3893440e-01    9.3508876e-01
-6.3648836e-01    9.3415629e-01
-6.3404477e-01    9.3321742e-01
-6.3160366e-01    9.3227215e-01
-6.2916504e-01    9.3132049e-01
-6.2672894e-01    9.3036245e-01
-6.2429536e-01    9.2939803e-01
-6.2186433e-01    9.2842724e-01
-6.1943586e-01    9.2745009e-01
-6.1700996e-01    9.2646659e-01
-6.1458666e-01    9.2547673e-01
-6.1216597e-01    9.2448053e-01
-6.0974791e-01    9.2347800e-01
-6.0733249e-01    9.2246914e-01
-6.0491973e-01    9.2145396e-01
-6.0250965e-01    9.2043246e-01
-6.0010226e-01    9.1940466e-01
-5.9769759e-01    9.1837055e-01
-5.9529564e-01    9.1733015e-01
-5.9289643e-01    9.1628347e-01
-5.9049999e-01    9.1523050e-01
-5.8810632e-01    9.1417127e-01
-5.8571544e-01    9.1310577e-01
-5.8332737e-01    9.1203402e-01
-5.8094213e-01    9.1095601e-01
-5.7855973e-01    9.0987177e-01
-5.7618019e-01    9.0878129e-01
-5.7380352e-01    9.0768458e-01
-5.7142975e-01    9.0658165e-01
-5.6905888e-01    9.0547251e-01
-5.6669093e-01    9.0435717e-01
-5.6432593e-01    9.0323563e-01
-5.6196388e-01    9.0210791e-01
-5.5960480e-01    9.0097400e-01
-5.5724872e-01    8.9983392e-01
-5.5489563e-01    8.9868768e-01
-5.5254557e-01    8.9753528e-01
-5.5019855e-01    8.9637673e-01
-5.4785457e-01    8.9521204e-01
-5.4551367e-01    8.9404121e-01
-5.4317586e-01    8.9286426e-01
-5.4084114e-01    8.9168120e-01
-5.3850954e-01    8.9049202e-01
-5.3618108e-01    8.8929675e-01
-5.3385576e-01    8.8809539e-01
-5.3153361e-01    8.8688794e-01
-5.2921465e-01    8.8567441e-01
-5.2689887e-01    8.8445482e-01
-5.2458632e-01    8.8322917e-01
-5.2227699e-01    8.8199748e-01
-5.1997091e-01    8.8075974e-01
-5.1766808e-01    8.7951596e-01
-5.1536854e-01    8.7826617e-01
-5.1307229e-01    8.7701035e-01
-5.1077934e-01    8.7574853e-01
-5.0848972e-01    8.7448072e-01
-5.0620344e-01    8.7320691e-01
-5.0392052e-01    8.7192712e-01
-5.0164096e-01    8.7064137e-01
-4.9936480e-01    8.6934965e-01
-4.9709203e-01    8.6805197e-01
-4.9482269e-01    8.6674835e-01
-4.9255677e-01    8.6543880e-01
-4.9029431e-01    8.6412331e-01
-4.8803531e-01    8.6280192e-01
-4.8577979e-01    8.6147461e-01
-4.8352777e-01    8.6014140e-01
-4.8127926e-01    8.5880231e-01
-4.7903428e-01    8.5745733e-01
-4.7679283e-01    8.5610648e-01
-4.7455495e-01    8.5474977e-01
-4.7232064e-01    8.5338721e-01
-4.7008992e-01    8.5201880e-01
-4.6786280e-01    8.5064456e-01
-4.6563930e-01    8.4926450e-01
-4.6341943e-01    8.4787862e-01
-4.6120322e-01    8.4648694e-01
-4.5899066e-01    8.4508946e-01
-4.5678179e-01    8.4368619e-01
-4.5457662e-01    8.4227715e-01
-4.5237515e-01    8.4086235e-01
-4.5017741e-01    8.3944179e-01
-4.4798341e-01    8.3801548e-01
-4.4579317e-01    8.3658343e-01
-4.4360669e-01    8.3514566e-01
-4.4142401e-01    8.3370217e-01
-4.3924512e-01    8.3225297e-01
-4.3707005e-01    8.3079808e-01
-4.3489881e-01    8.2933750e-01
-4.3273141e-01    8.2787125e-01
-4.3056788e-01    8.2639933e-01
-4.2840822e-01    8.2492175e-01
-4.2625245e-01    8.2343853e-01
-4.2410058e-01    8.2194967e-01
-4.2195264e-01    8.2045518e-01
-4.1980863e-01    8.1895508e-01
-4.1766857e-01    8.1744938e-01
-4.1553247e-01    8.1593808e-01
-4.1340036e-01    8.1442120e-01
-4.1127223e-01    8.1289875e-01
-4.0914812e-01    8.1137073e-01
-4.0702802e-01    8.0983716e-01
-4.0491197e-01    8.0829805e-01
-4.0279996e-01    8.0675341e-01
-4.0069202e-01    8.0520326e-01
-3.9858817e-01    8.0364759e-01
-3.9648840e-01    8.0208642e-01
-3.9439275e-01    8.0051977e-01
-3.9230122e-01    7.9894763e-01
-3.9021383e-01    7.9737004e-01
-3.8813060e-01    7.9578699e-01
-3.8605153e-01    7.9419849e-01
-3.8397664e-01    7.9260456e-01
-3.8190595e-01    7.9100521e-01
-3.7983946e-01    7.8940045e-01
-3.7777720e-01    7.8779029e-01
-3.7571918e-01    7.8617475e-01
-3.7366542e-01    7.8455382e-01
-3.7161592e-01    7.8292753e-01
-3.6957070e-01    7.8129589e-01
-3.6752977e-01    7.7965890e-01
-3.6549315e-01    7.7801658e-01
-3.6346086e-01    7.7636894e-01
-3.6143290e-01    7.7471599e-01
-3.5940930e-01    7.7305775e-01
-3.5739006e-01    7.7139421e-01
-3.5537519e-01    7.6972541e-01
-3.5336472e-01    7.6805134e-01
-3.5135866e-01    7.6637202e-01
-3.4935701e-01    7.6468746e-01
-3.4735980e-01    7.6299767e-01
-3.4536704e-01    7.6130267e-01
-3.4337874e-01    7.5960246e-01
-3.4139491e-01    7.5789706e-01
-3.3941558e-01    7.5618648e-01
-3.3744074e-01    7.5447073e-01
-3.3547042e-01    7.5274983e-01
-3.3350463e-01    7.5102378e-01
-3.3154339e-01    7.4929260e-01
-3.2958670e-01    7.4755629e-01
-3.2763458e-01    7.4581488e-01
-3.2568704e-01    7.4406837e-01
-3.2374410e-01    7.4231678e-01
-3.2180577e-01    7.4056012e-01
-3.1987206e-01    7.3879839e-01
-3.1794299e-01    7.3703162e-01
-3.1601857e-01    7.3525981e-01
-3.1409882e-01    7.3348298e-01
-3.1218374e-01    7.3170114e-01
-3.1027335e-01    7.2991430e-01
-3.0836766e-01    7.2812247e-01
-3.0646669e-01    7.2632568e-01
-3.0457045e-01    7.2452392e-01
-3.0267895e-01    7.2271721e-01
-3.0079220e-01    7.2090557e-01
-2.9891022e-01    7.1908900e-01
-2.9703303e-01    7.1726752e-01
-2.9516063e-01    7.1544115e-01
-2.9329303e-01    7.1360989e-01
-2.9143026e-01    7.1177376e-01
-2.8957232e-01    7.0993277e-01
-2.8771922e-01    7.0808693e-01
-2.8587098e-01    7.0623626e-01
-2.8402762e-01    7.0438077e-01
-2.8218913e-01    7.0252047e-01
-2.8035554e-01    7.0065538e-01
-2.7852687e-01    6.9878550e-01
-2.7670311e-01    6.9691086e-01
-2.7488429e-01    6.9503146e-01
-2.7307041e-01    6.9314732e-01
-2.7126149e-01    6.9125845e-01
-2.6945755e-01    6.8936486e-01
-2.6765859e-01    6.8746657e-01
-2.6586462e-01    6.8556359e-01
-2.6407567e-01    6.8365594e-01
-2.6229173e-01    6.8174362e-01
-2.6051283e-01    6.7982665e-01
-2.5873898e-01    6.7790504e-01
-2.5697018e-01    6.7597882e-01
-2.5520645e-01    6.7404798e-01
-2.5344781e-01    6.7211255e-01
-2.5169426e-01    6.7017253e-01
-2.4994582e-01    6.6822795e-01
-2.4820249e-01    6.6627881e-01
-2.4646430e-01    6.6432513e-01
-2.4473125e-01    6.6236693e-01
-2.4300335e-01    6.6040420e-01
-2.4128062e-01    6.5843698e-01
-2.3956307e-01    6.5646528e-01
-2.3785070e-01    6.5448910e-01
-2.3614354e-01    6.5250846e-01
-2.3444160e-01    6.5052337e-01
-2.3274488e-01    6.4853386e-01
-2.3105339e-01    6.4653993e-01
-2.2936716e-01    6.4454159e-01
-2.2768619e-01    6.4253887e-01
-2.2601049e-01    6.4053177e-01
-2.2434007e-01    6.3852032e-01
-2.2267495e-01    6.3650451e-01
-2.2101513e-01    6.3448437e-01
-2.1936064e-01    6.3245992e-01
-2.1771147e-01    6.3043116e-01
-2.1606764e-01    6.2839811e-01
-2.1442917e-01    6.2636079e-01
-2.1279606e-01    6.2431920e-01
-2.1116833e-01    6.2227337e-01
-2.0954598e-01    6.2022331e-01
-2.0792903e-01    6.1816902e-01
-2.0631749e-01    6.1611054e-01
-2.0471137e-01    6.1404787e-01
-2.0311067e-01    6.1198102e-01
-2.0151543e-01    6.0991001e-01
-1.9992563e-01    6.0783486e-01
-1.9834130e-01    6.0575558e-01
-1.9676244e-01    6.0367218e-01
-1.9518907e-01    6.0158468e-01
-1.9362120e-01    5.9949309e-01
-1.9205884e-01    5.9739744e-01
-1.9050199e-01    5.9529773e-01
-1.8895067e-01    5.9319397e-01
-1.8740489e-01    5.9108619e-01
-1.8586467e-01    5.8897440e-01
-1.8433000e-01    5.8685861e-01
-1.8280091e-01    5.8473884e-01
-1.8127740e-01    5.8261510e-01
-1.7975948e-01    5.8048741e-01
-1.7824717e-01    5.7835578e-01
-1.7674047e-01    5.7622023e-01
-1.7523939e-01    5.7408078e-01
-1.7374396e-01    5.7193744e-01
-1.7225416e-01    5.6979022e-01
-1.7077002e-01    5.6763913e-01
-1.6929155e-01    5.6548421e-01
-1.6781876e-01    5.6332545e-01
-1.6635165e-01    5.6116288e-01
-1.6489023e-01    5.5899651e-01
-1.6343453e-01    5.5682636e-01
-1.6198454e-01    5.5465244e-01
-1.6054028e-01    5.5247477e-01
-1.5910176e-01    5.5029336e-01
-1.5766898e-01    5.4810822e-01
-1.5624196e-01    5.4591939e-01
-1.5482071e-01    5.4372686e-01
-1.5340523e-01    5.4153066e-01
-1.5199554e-01    5.3933080e-01
-1.5059165e-01    5.3712730e-01
-1.4919356e-01    5.3492017e-01
-1.4780129e-01    5.3270943e-01
-1.4641485e-01    5.3049510e-01
-1.4503424e-01    5.2827718e-01
-1.4365947e-01    5.2605571e-01
-1.4229056e-01    5.2383068e-01
-1.4092752e-01    5.2160213e-01
-1.3957035e-01    5.1937006e-01
-1.3821906e-01    5.1713449e-01
-1.3687366e-01    5.1489544e-01
-1.3553417e-01    5.1265293e-01
-1.3420059e-01    5.1040696e-01
-1.3287292e-01    5.0815756e-01
-1.3155119e-01    5.0590474e-01
-1.3023540e-01    5.0364852e-01
-1.2892555e-01    5.0138892e-01
-1.2762166e-01    4.9912595e-01
-1.2632374e-01    4.9685963e-01
-1.2503180e-01    4.9458997e-01
-1.2374583e-01    4.9231699e-01
-1.2246587e-01    4.9004072e-01
-1.2119190e-01    4.8776115e-01
-1.1992395e-01    4.8547832e-01
-1.1866202e-01    4.8319224e-01
-1.1740611e-01    4.8090292e-01
-1.1615625e-01    4.7861039e-01
-1.1491243e-01    4.7631465e-01
-1.1367467e-01    4.7401573e-01
-1.1244297e-01    4.7171364e-01
-1.1121734e-01    4.6940841e-01
-1.0999780e-01    4.6710004e-01
-1.0878434e-01    4.6478855e-01
-1.0757699e-01    4.6247397e-01
-1.0637574e-01    4.6015630e-01
-1.0518061e-01    4.5783557e-01
-1.0399160e-01    4.5551180e-01
-1.0280872e-01    4.5318499e-01
-1.0163199e-01    4.5085517e-01
-1.0046140e-01    4.4852236e-01
-9.9296974e-02    4.4618657e-01
-9.8138711e-02    4.4384782e-01
-9.6986622e-02    4.4150613e-01
-9.5840715e-02    4.3916152e-01
-9.4700998e-02    4.3681400e-01
-9.3567480e-02    4.3446359e-01
-9.2440167e-02    4.3211032e-01
-9.1319069e-02    4.2975419e-01
-9.0204193e-02    4.2739522e-01
-8.9095547e-02    4.2503344e-01
-8.7993140e-02    4.2266886e-01
-8.6896978e-02    4.2030150e-01
-8.5807069e-02    4.1793138e-01
-8.4723423e-02    4.1555852e-01
-8.3646045e-02    4.1318293e-01
-8.2574945e-02    4.1080464e-01
-8.1510129e-02    4.0842365e-01
-8.0451605e-02    4.0604000e-01
-7.9399381e-02    4.0365370e-01
-7.8353465e-02    4.0126476e-01
-7.7313863e-02    3.9887322e-01
-7.6280583e-02    3.9647907e-01
-7.5253634e-02    3.9408236e-01
-7.4233021e-02    3.9168308e-01
-7.3218753e-02    3.8928128e-01
-7.2210837e-02    3.8687695e-01
-7.1209280e-02    3.8447012e-01
-7.0214089e-02    3.8206082e-01
-6.9225272e-02    3.7964906e-01
-6.8242836e-02    3.7723485e-01
-6.7266788e-02    3.7481823e-01
-6.6297135e-02    3.7239921e-01
-6.5333884e-02    3.6997780e-01
-6.4377042e-02    3.6755404e-01
-6.3426617e-02    3.6512794e-01
-6.2482614e-02    3.6269952e-01
-6.1545042e-02    3.6026880e-01
-6.0613906e-02    3.5783580e-01
-5.9689215e-02    3.5540054e-01
-5.8770974e-02    3.5296304e-01
-5.7859190e-02    3.5052333e-01
-5.6953871e-02    3.4808142e-01
-5.6055023e-02    3.4563734e-01
-5.5162652e-02    3.4319110e-01
-5.4276766e-02    3.4074274e-01
-5.3397370e-02    3.3829226e-01
-5.2524472e-02    3.3583969e-01
-5.1658078e-02    3.3338506e-01
-5.0798194e-02    3.3092838e-01
-4.9944828e-02    3.2846968e-01
-4.9097985e-02    3.2600899e-01
-4.8257672e-02    3.2354631e-01
-4.7423895e-02    3.2108168e-01
-4.6596661e-02    3.1861512e-01
-4.5775977e-02    3.1614665e-01
-4.4961847e-02    3.1367630e-01
-4.4154279e-02    3.1120408e-01
-4.3353279e-02    3.0873003e-01
-4.2558853e-02    3.0625416e-01
-4.1771007e-02    3.0377651e-01
-4.0989748e-02    3.0129709e-01
-4.0215081e-02    2.9881593e-01
-3.9447013e-02    2.9633306e-01
-3.8685550e-02    2.9384850e-01
-3.7930697e-02    2.9136227e-01
-3.7182462e-02    2.8887441e-01
-3.6440849e-02    2.8638494e-01
-3.5705864e-02    2.8389388e-01
-3.4977515e-02    2.8140126e-01
-3.4255806e-02    2.7890712e-01
-3.3540744e-02    2.7641147e-01
-3.2832334e-02    2.7391436e-01
-3.2130583e-02    2.7141579e-01
-3.1435496e-02    2.6891581e-01
-3.0747079e-02    2.6641445e-01
-3.0065338e-02    2.6391172e-01
-2.9390278e-02    2.6140767e-01
-2.8721906e-02    2.5890233e-01
-2.8060227e-02    2.5639572e-01
-2.8060227e-02    2.5639572e-01
-2.8040340e-02    2.5632204e-01
-2.8019515e-02    2.5624890e-01
-2.7997759e-02    2.5617628e-01
-2.7975075e-02    2.5610421e-01
-2.7951469e-02    2.5603266e-01
-2.7926945e-02    2.5596165e-01
-2.7901509e-02    2.5589116e-01
-2.7875165e-02    2.5582121e-01
-2.7847919e-02    2.5575178e-01
-2.7819775e-02    2.5568288e-01
-2.7790739e-02    2.5561451e-01
-2.7760815e-02    2.5554667e-01
-2.7730009e-02    2.5547935e-01
-2.7698325e-02    2.5541256e-01
-2.7665768e-02    2.5534629e-01
-2.7632343e-02    2.5528055e-01
-2.7598056e-02    2.5521533e-01
-2.7562911e-02    2.5515063e-01
-2.7526913e-02    2.5508645e-01
-2.7490068e-02    2.5502279e-01
-2.7452379e-02    2.5495965e-01
-2.7413853e-02    2.5489703e-01
-2.7374493e-02    2.5483493e-01
-2.7334306e-02    2.5477335e-01
-2.7293295e-02    2.5471228e-01
-2.7251467e-02    2.5465172e-01
-2.7208826e-02    2.5459169e-01
-2.7165376e-02    2.5453216e-01
-2.7121123e-02    2.5447315e-01
-2.7076073e-02    2.5441465e-01
-2.7030229e-02    2.5435666e-01
-2.6983597e-02    2.5429919e-01
-2.6936181e-02    2.5424222e-01
-2.6887987e-02    2.5418576e-01
-2.6839020e-02    2.5412981e-01
-2.6789285e-02    2.5407437e-01
-2.6738787e-02    2.5401944e-01
-2.6687529e-02    2.5396501e-01
-2.6635519e-02    2.5391109e-01
-2.6582760e-02    2.5385767e-01
-2.6529258e-02    2.5380475e-01
-2.6475017e-02    2.5375234e-01
-2.6420042e-02    2.5370043e-01
-2.6364339e-02    2.5364902e-01
-2.6307913e-02    2.5359811e-01
-2.6250767e-02    2.5354770e-01
-2.6192909e-02    2.5349779e-01
-2.6134341e-02    2.5344838e-01
-2.6075070e-02    2.5339947e-01
-2.6015099e-02    2.5335105e-01
-2.5954436e-02    2.5330313e-01
-2.5893083e-02    2.5325570e-01
-2.5831046e-02    2.5320876e-01
-2.5768331e-02    2.5316232e-01
-2.5704942e-02    2.5311638e-01
-2.5640883e-02    2.5307092e-01
-2.5576161e-02    2.5302596e-01
-2.5510780e-02    2.5298148e-01
-2.5444744e-02    2.5293750e-01
-2.5378060e-02    2.5289400e-01
-2.5310732e-02    2.5285099e-01
-2.5242764e-02    2.5280847e-01
-2.5174162e-02    2.5276643e-01
-2.5104932e-02    2.5272488e-01
-2.5035076e-02    2.5268381e-01
-2.4964602e-02    2.5264323e-01
-2.4893514e-02    2.5260313e-01
-2.4821816e-02    2.5256351e-01
-2.4749513e-02    2.5252438e-01
-2.4676612e-02    2.5248572e-01
-2.4603116e-02    2.5244755e-01
-2.4529030e-02    2.5240985e-01
-2.4454360e-02    2.5237263e-01
-2.4379111e-02    2.5233589e-01
-2.4303287e-02    2.5229963e-01
-2.4226894e-02    2.5226384e-01
-2.4149936e-02    2.5222852e-01
-2.4072418e-02    2.5219369e-01
-2.3994346e-02    2.5215932e-01
-2.3915724e-02    2.5212543e-01
-2.3836557e-02    2.5209201e-01
-2.3756851e-02    2.5205906e-01
-2.3676609e-02    2.5202658e-01
-2.3595838e-02    2.5199457e-01
-2.3514543e-02    2.5196302e-01
-2.3432727e-02    2.5193195e-01
-2.3350397e-02    2.5190134e-01
-2.3267556e-02    2.5187120e-01
-2.3184211e-02    2.5184153e-01
-2.3100365e-02    2.5181232e-01
-2.3016025e-02    2.5178357e-01
-2.2931195e-02    2.5175529e-01
-2.2845879e-02    2.5172747e-01
-2.2760084e-02    2.5170011e-01
-2.2673813e-02    2.5167321e-01
-2.2587072e-02    2.5164677e-01
-2.2499866e-02    2.5162079e-01
-2.2412200e-02    2.5159527e-01
-2.2324078e-02    2.5157021e-01
-2.2235507e-02    2.5154560e-01
-2.2146489e-02    2.5152145e-01
-2.2057032e-02    2.5149775e-01
-2.1967139e-02    2.5147451e-01
-2.1876816e-02    2.5145173e-01
-2.1786067e-02    2.5142939e-01
-2.1694898e-02    2.5140751e-01
-2.1603314e-02    2.5138608e-01
-2.1511319e-02    2.5136510e-01
-2.1418918e-02    2.5134456e-01
-2.1326117e-02    2.5132448e-01
-2.1232920e-02    2.5130485e-01
-2.1139332e-02    2.5128566e-01
-2.1045359e-02    2.5126692e-01
-2.0951005e-02    2.5124862e-01
-2.0856275e-02    2.5123077e-01
-2.0761175e-02    2.5121337e-01
-2.0665709e-02    2.5119640e-01
-2.0569882e-02    2.5117988e-01
-2.0473699e-02    2.5116380e-01
-2.0377165e-02    2.5114816e-01
-2.0280285e-02    2.5113297e-01
-2.0183064e-02    2.5111821e-01
-2.0085508e-02    2.5110389e-01
-1.9987620e-02    2.5109001e-01
-1.9889406e-02    2.5107656e-01
-1.9790872e-02    2.5106355e-01
-1.9692021e-02    2.5105098e-01
-1.9592859e-02    2.5103884e-01
-1.9493390e-02    2.5102713e-01
-1.9393621e-02    2.5101586e-01
-1.9293555e-02    2.5100502e-01
-1.9193199e-02    2.5099461e-01
-1.9092555e-02    2.5098463e-01
-1.8991631e-02    2.5097508e-01
-1.8890430e-02    2.5096596e-01
-1.8788958e-02    2.5095727e-01
-1.8687219e-02    2.5094900e-01
-1.8585219e-02    2.5094117e-01
-1.8482963e-02    2.5093375e-01
-1.8380454e-02    2.5092677e-01
-1.8277700e-02    2.5092020e-01
-1.8174704e-02    2.5091406e-01
-1.8071471e-02    2.5090835e-01
-1.7968007e-02    2.5090305e-01
-1.7864316e-02    2.5089818e-01
-1.7760403e-02    2.5089372e-01
-1.7656274e-02    2.5088969e-01
-1.7551932e-02    2.5088607e-01
-1.7447385e-02    2.5088288e-01
-1.7342635e-02    2.5088009e-01
-1.7237688e-02    2.5087773e-01
-1.7132550e-02    2.5087578e-01
-1.7027224e-02    2.5087425e-01
-1.6921717e-02    2.5087313e-01
-1.6816033e-02    2.5087242e-01
-1.6710177e-02    2.5087212e-01
-1.6604153e-02    2.5087224e-01
-1.6497968e-02    2.5087277e-01
-1.6391626e-02    2.5087370e-01
-1.6285131e-02    2.5087505e-01
-1.6178490e-02    2.5087680e-01
-1.6071706e-02    2.5087897e-01
-1.5964785e-02    2.5088153e-01
-1.5857732e-02    2.5088451e-01
-1.5750551e-02    2.5088789e-01
-1.5643248e-02    2.5089167e-01
-1.5535828e-02    2.5089586e-01
-1.5428296e-02    2.5090045e-01
-1.5320656e-02    2.5090544e-01
-1.5212914e-02    2.5091084e-01
-1.5105074e-02    2.5091663e-01
-1.4997142e-02    2.5092282e-01
-1.4889122e-02    2.5092942e-01
-1.4781020e-02    2.5093641e-01
-1.4672840e-02    2.5094379e-01
-1.4564588e-02    2.5095158e-01
-1.4456268e-02    2.5095976e-01
-1.4347885e-02    2.5096833e-01
-1.4239445e-02    2.5097730e-01
-1.4130951e-02    2.5098666e-01
-1.4022411e-02    2.5099641e-01
-1.3913827e-02    2.5100656e-01
-1.3805206e-02    2.5101710e-01
-1.3696551e-02    2.5102802e-01
-1.3587869e-02    2.5103934e-01
-1.3479164e-02    2.5105104e-01
-1.3370441e-02    2.5106313e-01
-1.3261705e-02    2.5107561e-01
-1.3152961e-02    2.5108848e-01
-1.3044214e-02    2.5110173e-01
-1.2935469e-02    2.5111536e-01
-1.2826731e-02    2.5112938e-01
-1.2718004e-02    2.5114378e-01
-1.2609295e-02    2.5115857e-01
-1.2500607e-02    2.5117373e-01
-1.2391947e-02    2.5118928e-01
-1.2283318e-02    2.5120520e-01
-1.2174725e-02    2.5122150e-01
-1.2066175e-02    2.5123819e-01
-1.1957671e-02    2.5125525e-01
-1.1849218e-02    2.5127268e-01
-1.1740823e-02    2.5129049e-01
-1.1632489e-02    2.5130868e-01
-1.1524221e-02    2.5132724e-01
-1.1416025e-02    2.5134617e-01
-1.1307905e-02    2.5136548e-01
-1.1199867e-02    2.5138516e-01
-1.1091916e-02    2.5140521e-01
-1.0984055e-02    2.5142563e-01
-1.0876291e-02    2.5144642e-01
-1.0768629e-02    2.5146757e-01
-1.0661072e-02    2.5148910e-01
-1.0553627e-02    2.5151099e-01
-1.0446299e-02    2.5153325e-01
-1.0339091e-02    2.5155588e-01
-1.0232010e-02    2.5157886e-01
-1.0125059e-02    2.5160222e-01
-1.0018245e-02    2.5162593e-01
-9.9115721e-03    2.5165001e-01
-9.8050451e-03    2.5167445e-01
-9.6986691e-03    2.5169925e-01
-9.5924492e-03    2.5172441e-01
-9.4863902e-03    2.5174993e-01
-9.3804971e-03    2.5177581e-01
-9.2747750e-03    2.5180204e-01
-9.1692287e-03    2.5182863e-01
-9.0638632e-03    2.5185558e-01
-8.9586836e-03    2.5188288e-01
-8.8536948e-03    2.5191054e-01
-8.7489017e-03    2.5193855e-01
-8.6443093e-03    2.5196691e-01
-8.5399226e-03    2.5199563e-01
-8.4357466e-03    2.5202469e-01
-8.3317863e-03    2.5205411e-01
-8.2280465e-03    2.5208388e-01
-8.1245323e-03    2.5211399e-01
-8.0212486e-03    2.5214445e-01
-7.9182004e-03    2.5217526e-01
-7.8153928e-03    2.5220642e-01
-7.7128305e-03    2.5223792e-01
-7.6105187e-03    2.5226977e-01
-7.5084623e-03    2.5230196e-01
-7.4066662e-03    2.5233449e-01
-7.3051355e-03    2.5236737e-01
-7.2038750e-03    2.5240058e-01
-7.1028898e-03    2.5243414e-01
-7.0021849e-03    2.5246804e-01
-6.9017651e-03    2.5250228e-01
-6.8016356e-03    2.5253686e-01
-6.7018011e-03    2.5257177e-01
-6.6022668e-03    2.5260702e-01
-6.5030376e-03    2.5264261e-01
-6.4041184e-03    2.5267853e-01
-6.3055142e-03    2.5271478e-01
-6.2072300e-03    2.5275137e-01
-6.1092708e-03    2.5278830e-01
-6.0116415e-03    2.5282555e-01
-5.9143472e-03    2.5286314e-01
-5.8173926e-03    2.5290106e-01
-5.7207830e-03    2.5293930e-01
-5.6245231e-03    2.5297788e-01
-5.5286180e-03    2.5301678e-01
-5.4330726e-03    2.5305601e-01
-5.3378920e-03    2.5309557e-01
-5.2430811e-03    2.5313545e-01
-5.1486448e-03    2.5317566e-01
-5.0545881e-03    2.5321619e-01
-4.9609160e-03    2.5325705e-01
-4.8676335e-03    2.5329822e-01
-4.7747455e-03    2.5333972e-01
-4.6822571e-03    2.5338154e-01
-4.5901731e-03    2.5342369e-01
-4.4984985e-03    2.5346615e-01
-4.4072383e-03    2.5350892e-01
-4.3163976e-03    2.5355202e-01
-4.2259811e-03    2.5359543e-01
-4.1359940e-03    2.5363916e-01
-4.0464412e-03    2.5368321e-01
-3.9573277e-03    2.5372757e-01
-3.8686583e-03    2.5377224e-01
-3.7804382e-03    2.5381723e-01
-3.6926722e-03    2.5386253e-01
-3.6053654e-03    2.5390814e-01
-3.5185227e-03    2.5395406e-01
-3.4321491e-03    2.5400029e-01
-3.3462494e-03    2.5404683e-01
-3.2608289e-03    2.5409367e-01
-3.1758923e-03    2.5414083e-01
-3.0914446e-03    2.5418829e-01
-3.0074909e-03    2.5423606e-01
-2.9240360e-03    2.5428413e-01
-2.8410851e-03    2.5433251e-01
-2.7586429e-03    2.5438119e-01
-2.6767146e-03    2.5443017e-01
-2.5953050e-03    2.5447946e-01
-2.5144192e-03    2.5452904e-01
-2.4340621e-03    2.5457893e-01
-2.3542386e-03    2.5462912e-01
-2.2749538e-03    2.5467960e-01
-2.1962126e-03    2.5473038e-01
-2.1180200e-03    2.5478146e-01
-2.0403810e-03    2.5483284e-01
-1.9633005e-03    2.5488451e-01
-1.8867835e-03    2.5493648e-01
-1.8108349e-03    2.5498874e-01
-1.7354598e-03    2.5504129e-01
-1.6606631e-03    2.5509414e-01
-1.5864498e-03    2.5514727e-01
-1.5128248e-03    2.5520070e-01
-1.4397931e-03    2.5525442e-01
-1.3673597e-03    2.5530843e-01
-1.2955295e-03    2.5536272e-01
-1.2243076e-03    2.5541731e-01
-1.1536989e-03    2.5547218e-01
-1.0837083e-03    2.5552733e-01
-1.0143409e-03    2.5558277e-01
-9.4560152e-04    2.5563850e-01
-8.7749524e-04    2.5569451e-01
-8.1002700e-04    2.5575080e-01
-7.4320176e-04    2.5580737e-01
-6.7702451e-04    2.5586423e-01
-6.1150020e-04    2.5592136e-01
-5.4663380e-04    2.5597878e-01
-4.8243030e-04    2.5603647e-01
-4.1889464e-04    2.5609445e-01
-3.5603181e-04    2.5615270e-01
-2.9384678e-04    2.5621122e-01
-2.3234451e-04    2.5627002e-01
-1.7152997e-04    2.5632910e-01
-1.1140813e-04    2.5638845e-01
-5.1983968e-05    2.5644808e-01
 6.7375545e-06    2.5650797e-01
 6.4751466e-05    2.5656814e-01
 1.2205280e-04    2.5662858e-01
 1.7863658e-04    2.5668929e-01
 2.3449784e-04    2.5675027e-01
 2.8963161e-04    2.5681151e-01
 3.4403293e-04    2.5687303e-01
 3.9769682e-04    2.5693481e-01
 4.5061831e-04    2.5699686e-01
 5.0279243e-04    2.5705917e-01
 5.5421421e-04    2.5712175e-01
 6.0487870e-04    2.5718459e-01
 6.5478090e-04    2.5724770e-01
 7.0391586e-04    2.5731106e-01
 7.5227861e-04    2.5737469e-01
 7.9986417e-04    2.5743858e-01
 8.4666758e-04    2.5750273e-01
 8.9268386e-04    2.5756714e-01
 9.3790806e-04    2.5763180e-01
 9.8233519e-04    2.5769672e-01
 1.0259603e-03    2.5776190e-01
 1.0687784e-03    2.5782734e-01
 1.1107845e-03    2.5789303e-01
 1.1519737e-03    2.5795898e-01
 1.1923410e-03    2.5802517e-01
 1.2318814e-03    2.5809162e-01
 1.2705899e-03    2.5815833e-01
 1.3084617e-03    2.5822528e-01
 1.3454916e-03    2.5829249e-01
 1.3816748e-03    2.5835994e-01
 1.4170063e-03    2.5842764e-01
 1.4514811e-03    2.5849559e-01
 1.4850942e-03    2.5856379e-01
 1.5178406e-03    2.5863223e-01
 1.5497155e-03    2.5870092e-01
 1.5807138e-03    2.5876985e-01
 1.6108305e-03    2.5883903e-01
 1.6400608e-03    2.5890845e-01
 1.6683995e-03    2.5897811e-01
 1.6958418e-03    2.5904802e-01
 1.7223827e-03    2.5911816e-01
 1.7480172e-03    2.5918855e-01
 1.7727403e-03    2.5925917e-01
 1.7965471e-03    2.5933004e-01
 1.8194326e-03    2.5940114e-01
 1.8413919e-03    2.5947247e-01
 1.8624199e-03    2.5954405e-01
 1.8825117e-03    2.5961585e-01
 1.9016623e-03    2.5968790e-01
 1.9198667e-03    2.5976017e-01
 1.9371201e-03    2.5983268e-01
 1.9534173e-03    2.5990542e-01
 1.9687535e-03    2.5997839e-01
 1.9831237e-03    2.6005160e-01
 1.9965229e-03    2.6012503e-01
 2.0089461e-03    2.6019869e-01
 2.0203884e-03    2.6027258e-01
 2.0308448e-03    2.6034670e-01
 2.0403103e-03    2.6042104e-01
 2.0487800e-03    2.6049561e-01
 2.0562489e-03    2.6057040e-01
 2.0627120e-03    2.6064542e-01
 2.0681643e-03    2.6072066e-01
 2.0726009e-03    2.6079612e-01
 2.0760168e-03    2.6087180e-01
 2.0784071e-03    2.6094771e-01
 2.0797667e-03    2.6102383e-01
 2.0800908e-03    2.6110018e-01
 2.0800908e-03    2.6110018e-01
 2.0429185e-03    2.7607326e-01
 2.0077102e-03    2.9104635e-01
 1.9742689e-03    3.0601944e-01
 1.9424260e-03    3.2099252e-01
 1.9120357e-03    3.3596561e-01
 1.8829708e-03    3.5093870e-01
 1.8551208e-03    3.6591178e-01
 1.8283886e-03    3.8088487e-01
 1.8026878e-03    3.9585796e-01
 1.7779414e-03    4.1083104e-01
 1.7540813e-03    4.2580413e-01
 1.7310462e-03    4.4077722e-01
 1.7087814e-03    4.5575030e-01
 1.6872369e-03    4.7072339e-01
 1.6663672e-03    4.8569648e-01
 1.6461314e-03    5.0066956e-01
 1.6264923e-03    5.1564265e-01
 1.6074158e-03    5.3061574e-01
 1.5888708e-03    5.4558882e-01
 1.5708284e-03    5.6056191e-01
 1.5532619e-03    5.7553500e-01
 1.5361466e-03    5.9050808e-01
 1.5194602e-03    6.0548117e-01
 1.5031819e-03    6.2045425e-01
 1.4872920e-03    6.3542734e-01
 1.4717728e-03    6.5040043e-01
 1.4566072e-03    6.6537351e-01
 1.4417796e-03    6.8034660e-01
 1.4272750e-03    6.9531969e-01
 1.4130795e-03    7.1029277e-01
 1.3991803e-03    7.2526586e-01
 1.3855657e-03    7.4023895e-01
 1.3722239e-03    7.5521203e-01
 1.3591444e-03    7.7018512e-01
 1.3463172e-03    7.8515821e-01
 1.3337327e-03    8.0013129e-01
 1.3213818e-03    8.1510438e-01
 1.3092561e-03    8.3007747e-01
 1.2973473e-03    8.4505055e-01
 1.2856478e-03    8.6002364e-01
 1.2741506e-03    8.7499673e-01
 1.2628488e-03    8.8996981e-01
 1.2517358e-03    9.0494290e-01
 1.2408055e-03    9.1991598e-01
 1.2300520e-03    9.3488907e-01
 1.2194696e-03    9.4986216e-01
 1.2090531e-03    9.6483524e-01
 1.1987973e-03    9.7980833e-01
 1.1886972e-03    9.9478142e-01
 1.1787482e-03    1.0097545e+00
 1.1689459e-03    1.0247276e+00
 1.1592861e-03    1.0397007e+00
 1.1497647e-03    1.0546738e+00
 1.1403778e-03    1.0696468e+00
 1.1311216e-03    1.0846199e+00
 1.1219927e-03    1.0995930e+00
 1.1129874e-03    1.1145661e+00
 1.1041026e-03    1.1295392e+00
 1.0953350e-03    1.1445123e+00
 1.0866815e-03    1.1594854e+00
 1.0781394e-03    1.1744585e+00
 1.0697057e-03    1.1894315e+00
 1.0613777e-03    1.2044046e+00
 1.0531529e-03    1.2193777e+00
 1.0450288e-03    1.2343508e+00
 1.0370028e-03    1.2493239e+00
 1.0290727e-03    1.2642970e+00
 1.0212361e-03    1.2792701e+00
 1.0134910e-03    1.2942431e+00
 1.0058352e-03    1.3092162e+00
 9.9826663e-04    1.3241893e+00
 9.9078342e-04    1.3391624e+00
 9.8338363e-04    1.3541355e+00
 9.7606544e-04    1.3691086e+00
 9.6882708e-04    1.3840817e+00
 9.6166682e-04    1.3990548e+00
 9.5458300e-04    1.4140278e+00
 9.4757402e-04    1.4290009e+00
 9.4063829e-04    1.4439740e+00
 9.3377432e-04    1.4589471e+00
 9.2698063e-04    1.4739202e+00
 9.2025583e-04    1.4888933e+00
 9.1359852e-04    1.5038664e+00
 9.0700738e-04    1.5188394e+00
 9.0048110e-04    1.5338125e+00
 8.9401842e-04    1.5487856e+00
 8.8761813e-04    1.5637587e+00
 8.8127902e-04    1.5787318e+00
 8.7499995e-04    1.5937049e+00
 8.6877978e-04    1.6086780e+00
 8.6261744e-04    1.6236511e+00
 8.5651186e-04    1.6386241e+00
 8.5046200e-04    1.6535972e+00
 8.4446687e-04    1.6685703e+00
 8.3852549e-04    1.6835434e+00
 8.3263691e-04    1.6985165e+00
 8.2680020e-04    1.7134896e+00
 8.2101445e-04    1.7284627e+00
 8.1527879e-04    1.7434357e+00
 8.0959236e-04    1.7584088e+00
 8.0395432e-04    1.7733819e+00
 7.9836387e-04    1.7883550e+00
 7.9282021e-04    1.8033281e+00
 7.8732257e-04    1.8183012e+00
 7.8187018e-04    1.8332743e+00
 7.7646233e-04    1.8482473e+00
 7.7109828e-04    1.8632204e+00
 7.6577734e-04    1.8781935e+00
 7.6049882e-04    1.8931666e+00
 7.5526206e-04    1.9081397e+00
 7.5006639e-04    1.9231128e+00
 7.4491119e-04    1.9380859e+00
 7.3979582e-04    1.9530590e+00
 7.3471969e-04    1.9680320e+00
 7.2968220e-04    1.9830051e+00
 7.2468277e-04    1.9979782e+00
 7.1972083e-04    2.0129513e+00
 7.1479582e-04    2.0279244e+00
 7.0990720e-04    2.0428975e+00
 7.0505444e-04    2.0578706e+00
 7.0023701e-04    2.0728436e+00
 6.9545441e-04    2.0878167e+00
 6.9070615e-04    2.1027898e+00
 6.8599173e-04    2.1177629e+00
 6.8131068e-04    2.1327360e+00
 6.7666254e-04    2.1477091e+00
 6.7204684e-04    2.1626822e+00
 6.6746313e-04    2.1776553e+00
 6.6291098e-04    2.1926283e+00
 6.5838996e-04    2.2076014e+00
 6.5389964e-04    2.2225745e+00
 6.4943963e-04    2.2375476e+00
 6.4500950e-04    2.2525207e+00
 6.4060887e-04    2.2674938e+00
 6.3623734e-04    2.2824669e+00
 6.3189454e-04    2.2974399e+00
 6.2758010e-04    2.3124130e+00
 6.2329364e-04    2.3273861e+00
 6.1903481e-04    2.3423592e+00
 6.1480325e-04    2.3573323e+00
 6.1059862e-04    2.3723054e+00
 6.0642059e-04    2.3872785e+00
 6.0226881e-04    2.4022515e+00
 5.9814297e-04    2.4172246e+00
 5.9404273e-04    2.4321977e+00
 5.8996780e-04    2.4471708e+00
 5.8591785e-04    2.4621439e+00
 5.8189259e-04    2.4771170e+00
 5.7789172e-04    2.4920901e+00
 5.7391494e-04    2.5070632e+00
 5.6996197e-04    2.5220362e+00
 5.6603253e-04    2.5370093e+00
 5.6212633e-04    2.5519824e+00
 5.5824312e-04    2.5669555e+00
 5.5438261e-04    2.5819286e+00
 5.5054455e-04    2.5969017e+00
 5.4672868e-04    2.6118748e+00
 5.4293475e-04    2.6268478e+00
 5.3916250e-04    2.6418209e+00
 5.3541169e-04    2.6567940e+00
 5.3168208e-04    2.6717671e+00
 5.2797343e-04    2.6867402e+00
 5.2428551e-04    2.7017133e+00
 5.2061809e-04    2.7166864e+00
 5.1697094e-04    2.7316595e+00
 5.1334385e-04    2.7466325e+00
 5.0973659e-04    2.7616056e+00
 5.0614895e-04    2.7765787e+00
 5.0258072e-04    2.7915518e+00
 4.9903169e-04    2.8065249e+00
 4.9550165e-04    2.8214980e+00
 4.9199041e-04    2.8364711e+00
 4.8849776e-04    2.8514441e+00
 4.8502352e-04    2.8664172e+00
 4.8156749e-04    2.8813903e+00
 4.7812947e-04    2.8963634e+00
 4.7470929e-04    2.9113365e+00
 4.7130676e-04    2.9263096e+00
 4.6792171e-04    2.9412827e+00
 4.6455394e-04    2.9562557e+00
 4.6120329e-04    2.9712288e+00
 4.5786959e-04    2.9862019e+00
 4.5455267e-04    3.0011750e+00
 4.5125235e-04    3.0161481e+00
 4.4796848e-04    3.0311212e+00
 4.4470089e-04    3.0460943e+00
 4.4144943e-04    3.0610674e+00
 4.3821392e-04    3.0760404e+00
 4.3499423e-04    3.0910135e+00
 4.3179019e-04    3.1059866e+00
 4.2860166e-04    3.1209597e+00
 4.2542848e-04    3.1359328e+00
 4.2227052e-04    3.1509059e+00
 4.1912762e-04    3.1658790e+00
 4.1599964e-04    3.1808520e+00
 4.1288644e-04    3.1958251e+00
 4.0978789e-04    3.2107982e+00
 4.0670385e-04    3.2257713e+00
 4.0363418e-04    3.2407444e+00
 4.0057875e-04    3.2557175e+00
 3.9753743e-04    3.2706906e+00
 3.9451009e-04    3.2856637e+00
 3.9149661e-04    3.3006367e+00
 3.8849685e-04    3.3156098e+00
 3.8551069e-04    3.3305829e+00
 3.8253802e-04    3.3455560e+00
 3.7957870e-04    3.3605291e+00
 3.7663263e-04    3.3755022e+00
 3.7369968e-04    3.3904753e+00
 3.7077973e-04    3.4054483e+00
 3.6787268e-04    3.4204214e+00
 3.6497841e-04    3.4353945e+00
 3.6209681e-04    3.4503676e+00
 3.5922777e-04    3.4653407e+00
 3.5637118e-04    3.4803138e+00
 3.5352693e-04    3.4952869e+00
 3.5069492e-04    3.5102600e+00
 3.4787504e-04    3.5252330e+00
 3.4506719e-04    3.5402061e+00
 3.4227127e-04    3.5551792e+00
 3.3948718e-04    3.5701523e+00
 3.3671481e-04    3.5851254e+00
 3.3395408e-04    3.6000985e+00
 3.3120487e-04    3.6150716e+00
 3.2846711e-04    3.6300446e+00
 3.2574069e-04    3.6450177e+00
 3.2302551e-04    3.6599908e+00
 3.2032150e-04    3.6749639e+00
 3.1762855e-04    3.6899370e+00
 3.1494658e-04    3.7049101e+00
 3.1227549e-04    3.7198832e+00
 3.0961521e-04    3.7348562e+00
 3.0696563e-04    3.7498293e+00
 3.0432669e-04    3.7648024e+00
 3.0169829e-04    3.7797755e+00
 2.9908034e-04    3.7947486e+00
 2.9647278e-04    3.8097217e+00
 2.9387551e-04    3.8246948e+00
 2.9128845e-04    3.8396679e+00
 2.8871152e-04    3.8546409e+00
 2.8614465e-04    3.8696140e+00
 2.8358776e-04    3.8845871e+00
 2.8104077e-04    3.8995602e+00
 2.7850360e-04    3.9145333e+00
 2.7597618e-04    3.9295064e+00
 2.7345844e-04    3.9444795e+00
 2.7095029e-04    3.9594525e+00
 2.6845167e-04    3.9744256e+00
 2.6596251e-04    3.9893987e+00
 2.6348273e-04    4.0043718e+00
 2.6101227e-04    4.0193449e+00
 2.5855105e-04    4.0343180e+00
 2.5609901e-04    4.0492911e+00
 2.5365607e-04    4.0642642e+00
 2.5122218e-04    4.0792372e+00
 2.4879725e-04    4.0942103e+00
 2.4638124e-04    4.1091834e+00
 2.4397407e-04    4.1241565e+00
 2.4157567e-04    4.1391296e+00
 2.3918599e-04    4.1541027e+00
 2.3680497e-04    4.1690758e+00
 2.3443253e-04    4.1840488e+00
 2.3206862e-04    4.1990219e+00
 2.2971317e-04    4.2139950e+00
 2.2736613e-04    4.2289681e+00
 2.2502744e-04    4.2439412e+00
 2.2269703e-04    4.2589143e+00
 2.2037486e-04    4.2738874e+00
 2.1806085e-04    4.2888604e+00
 2.1575496e-04    4.3038335e+00
 2.1345712e-04    4.3188066e+00
 2.1116728e-04    4.3337797e+00
 2.0888539e-04    4.3487528e+00
 2.0661139e-04    4.3637259e+00
 2.0434522e-04    4.3786990e+00
 2.0208684e-04    4.3936721e+00
 1.9983618e-04    4.4086451e+00
 1.9759320e-04    4.4236182e+00
 1.9535785e-04    4.4385913e+00
 1.9313006e-04    4.4535644e+00
 1.9090980e-04    4.4685375e+00
 1.8869700e-04    4.4835106e+00
 1.8649163e-04    4.4984837e+00
 1.8429362e-04    4.5134567e+00
 1.8210294e-04    4.5284298e+00
 1.7991953e-04    4.5434029e+00
 1.7774334e-04    4.5583760e+00
 1.7557433e-04    4.5733491e+00
 1.7341245e-04    4.5883222e+00
 1.7125765e-04    4.6032953e+00
 1.6910989e-04    4.6182684e+00
 1.6696911e-04    4.6332414e+00
 1.6483528e-04    4.6482145e+00
 1.6270835e-04    4.6631876e+00
 1.6058828e-04    4.6781607e+00
 1.5847501e-04    4.6931338e+00
 1.5636852e-04    4.7081069e+00
 1.5426874e-04    4.7230800e+00
 1.5217565e-04    4.7380530e+00
 1.5008919e-04    4.7530261e+00
 1.4800933e-04    4.7679992e+00
 1.4593603e-04    4.7829723e+00
 1.4386924e-04    4.7979454e+00
 1.4180892e-04    4.8129185e+00
 1.3975503e-04    4.8278916e+00
 1.3770753e-04    4.8428646e+00
 1.3566639e-04    4.8578377e+00
 1.3363156e-04    4.8728108e+00
 1.3160300e-04    4.8877839e+00
 1.2958067e-04    4.9027570e+00
 1.2756454e-04    4.9177301e+00
 1.2555457e-04    4.9327032e+00
 1.2355071e-04    4.9476763e+00
 1.2155295e-04    4.9626493e+00
 1.1956122e-04    4.9776224e+00
 1.1757551e-04    4.9925955e+00
 1.1559576e-04    5.0075686e+00
 1.1362196e-04    5.0225417e+00
 1.1165405e-04    5.0375148e+00
 1.0969202e-04    5.0524879e+00
 1.0773581e-04    5.0674609e+00
 1.0578539e-04    5.0824340e+00
 1.0384074e-04    5.0974071e+00
 1.0190182e-04    5.1123802e+00
 9.9968586e-05    5.1273533e+00
 9.8041015e-05    5.1423264e+00
 9.6119070e-05    5.1572995e+00
 9.4202718e-05    5.1722726e+00
 9.2291926e-05    5.1872456e+00
 9.0386664e-05    5.2022187e+00
 8.8486897e-05    5.2171918e+00
 8.6592594e-05    5.2321649e+00
 8.4703724e-05    5.2471380e+00
 8.2820256e-05    5.2621111e+00
 8.0942157e-05    5.2770842e+00
 7.9069398e-05    5.2920572e+00
 7.7201948e-05    5.3070303e+00
 7.5339777e-05    5.3220034e+00
 7.3482854e-05    5.3369765e+00
 7.1631150e-05    5.3519496e+00
 6.9784636e-05    5.3669227e+00
 6.7943281e-05    5.3818958e+00
 6.6107057e-05    5.3968689e+00
 6.4275936e-05    5.4118419e+00
 6.2449888e-05    5.4268150e+00
 6.0628885e-05    5.4417881e+00
 5.8812900e-05    5.4567612e+00
 5.7001904e-05    5.4717343e+00
 5.5195870e-05    5.4867074e+00
 5.3394769e-05    5.5016805e+00
 5.1598576e-05    5.5166535e+00
 4.9807263e-05    5.5316266e+00
 4.8020804e-05    5.5465997e+00
 4.6239171e-05    5.5615728e+00
 4.4462339e-05    5.5765459e+00
 4.2690281e-05    5.5915190e+00
 4.0922972e-05    5.6064921e+00
 3.9160385e-05    5.6214651e+00
 3.7402496e-05    5.6364382e+00
 3.5649278e-05    5.6514113e+00
 3.3900708e-05    5.6663844e+00
 3.2156759e-05    5.6813575e+00
 3.0417408e-05    5.6963306e+00
 2.8682630e-05    5.7113037e+00
 2.6952400e-05    5.7262768e+00
 2.5226694e-05    5.7412498e+00
 2.3505489e-05    5.7562229e+00
 2.1788760e-05    5.7711960e+00
 2.0076485e-05    5.7861691e+00
 1.8368639e-05    5.8011422e+00
 1.6665200e-05    5.8161153e+00
 1.4966144e-05    5.8310884e+00
 1.3271449e-05    5.8460614e+00
 1.1581091e-05    5.8610345e+00
 9.8950495e-06    5.8760076e+00
 8.2133007e-06    5.8909807e+00
 6.5358228e-06    5.9059538e+00
 4.8625939e-06    5.9209269e+00
 3.1935920e-06    5.9359000e+00
 1.5287955e-06    5.9508731e+00
-1.3181713e-07    5.9658461e+00
-1.7882672e-06    5.9808192e+00
-3.4405758e-06    5.9957923e+00
-5.0887641e-06    6.0107654e+00
-6.7328530e-06    6.0257385e+00
-8.3728631e-06    6.0407116e+00
-1.0008815e-05    6.0556847e+00
-1.1640729e-05    6.0706577e+00
-1.3268626e-05    6.0856308e+00
-1.4892525e-05    6.1006039e+00
-1.6512447e-05    6.1155770e+00
-1.8128411e-05    6.1305501e+00
-1.9740437e-05    6.1455232e+00
-2.1348545e-05    6.1604963e+00
-2.2952754e-05    6.1754693e+00
-2.4553083e-05    6.1904424e+00
-2.6149552e-05    6.2054155e+00
-2.7742179e-05    6.2203886e+00
-2.9330983e-05    6.2353617e+00
-3.0915983e-05    6.2503348e+00
-3.2497198e-05    6.2653079e+00
-3.4074645e-05    6.2802810e+00
-3.5648344e-05    6.2952540e+00
-3.7218312e-05    6.3102271e+00
-3.8784568e-05    6.3252002e+00
-4.0347129e-05    6.3401733e+00
-4.1906013e-05    6.3551464e+00
-4.3461238e-05    6.3701195e+00
-4.5012822e-05    6.3850926e+00
-4.6560782e-05    6.4000656e+00
-4.8105134e-05    6.4150387e+00
-4.9645897e-05    6.4300118e+00
-5.1183088e-05    6.4449849e+00
-5.2716722e-05    6.4599580e+00
-5.4246818e-05    6.4749311e+00
-5.5773392e-05    6.4899042e+00
-5.7296461e-05    6.5048773e+00
-5.8816040e-05    6.5198503e+00
-6.0332147e-05    6.5348234e+00
-6.1844798e-05    6.5497965e+00
-6.3354008e-05    6.5647696e+00
-6.4859794e-05    6.5797427e+00
-6.6362172e-05    6.5947158e+00
-6.7861158e-05    6.6096889e+00
-6.9356767e-05    6.6246619e+00
-7.0849015e-05    6.6396350e+00
-7.2337917e-05    6.6546081e+00
-7.3823490e-05    6.6695812e+00
-7.5305747e-05    6.6845543e+00
-7.6784705e-05    6.6995274e+00
-7.8260378e-05    6.7145005e+00
-7.9732782e-05    6.7294735e+00
-8.1201931e-05    6.7444466e+00
-8.2667841e-05    6.7594197e+00
-8.4130525e-05    6.7743928e+00
-8.5589999e-05    6.7893659e+00
-8.7046277e-05    6.8043390e+00
-8.8499373e-05    6.8193121e+00
-8.9949303e-05    6.8342852e+00
-9.1396079e-05    6.8492582e+00
-9.2839716e-05    6.8642313e+00
-9.4280228e-05    6.8792044e+00
-9.5717630e-05    6.8941775e+00
-9.7151934e-05    6.9091506e+00
-9.8583156e-05    6.9241237e+00
-1.0001131e-04    6.9390968e+00
-1.0143640e-04    6.9540698e+00
-1.0285846e-04    6.9690429e+00
-1.0427748e-04    6.9840160e+00
-1.0569349e-04    6.9989891e+00
-1.0710650e-04    7.0139622e+00
-1.0851651e-04    7.0289353e+00
-1.0992356e-04    7.0439084e+00
-1.1132763e-04    7.0588815e+00
-1.1272876e-04    7.0738545e+00
-1.1412695e-04    7.0888276e+00
-1.1552222e-04    7.1038007e+00
-1.1691457e-04    7.1187738e+00
-1.1830403e-04    7.1337469e+00
-1.1969059e-04    7.1487200e+00
-1.2107429e-04    7.1636931e+00
-1.2245512e-04    7.1786661e+00
-1.2383310e-04    7.1936392e+00
-1.2520824e-04    7.2086123e+00
-1.2658056e-04    7.2235854e+00
-1.2795007e-04    7.2385585e+00
-1.2931677e-04    7.2535316e+00
-1.3068069e-04    7.2685047e+00
-1.3204183e-04    7.2834778e+00
-1.3340020e-04    7.2984508e+00
-1.3475582e-04    7.3134239e+00
-1.3610869e-04    7.3283970e+00
-1.3745884e-04    7.3433701e+00
-1.3880626e-04    7.3583432e+00
-1.4015098e-04    7.3733163e+00
-1.4149300e-04    7.3882894e+00
-1.4283234e-04    7.4032624e+00
-1.4416900e-04    7.4182355e+00
-1.4550300e-04    7.4332086e+00
-1.4683434e-04    7.4481817e+00
-1.4816305e-04    7.4631548e+00
-1.4948912e-04    7.4781279e+00
-1.5081258e-04    7.4931010e+00
-1.5213343e-04    7.5080740e+00
-1.5345168e-04    7.5230471e+00
-1.5476735e-04    7.5380202e+00
-1.5608043e-04    7.5529933e+00
-1.5739096e-04    7.5679664e+00
-1.5869892e-04    7.5829395e+00
-1.6000435e-04    7.5979126e+00
-1.6130724e-04    7.6128857e+00
-1.6260760e-04    7.6278587e+00
-1.6390545e-04    7.6428318e+00
-1.6520080e-04    7.6578049e+00
-1.6649366e-04    7.6727780e+00
-1.6778403e-04    7.6877511e+00
-1.6907193e-04    7.7027242e+00
-1.7035736e-04    7.7176973e+00
-1.7164034e-04    7.7326703e+00
-1.7292088e-04    7.7476434e+00
-1.7419899e-04    7.7626165e+00
-1.7547467e-04    7.7775896e+00
-1.7674794e-04    7.7925627e+00
-1.7801880e-04    7.8075358e+00
-1.7928726e-04    7.8225089e+00
-1.8055335e-04    7.8374820e+00
-1.8181705e-04    7.8524550e+00
-1.8307839e-04    7.8674281e+00
-1.8433737e-04    7.8824012e+00
-1.8559401e-04    7.8973743e+00
-1.8684830e-04    7.9123474e+00
-1.8810027e-04    7.9273205e+00
-1.8934991e-04    7.9422936e+00
-1.9059725e-04    7.9572666e+00
-1.9184228e-04    7.9722397e+00
-1.9308502e-04    7.9872128e+00
-1.9432547e-04    8.0021859e+00
-1.9556365e-04    8.0171590e+00
-1.9679956e-04    8.0321321e+00
-1.9803322e-04    8.0471052e+00
-1.9926462e-04    8.0620782e+00
-2.0049379e-04    8.0770513e+00
-2.0172072e-04    8.0920244e+00
-2.0294543e-04    8.1069975e+00
-2.0416793e-04    8.1219706e+00
-2.0538822e-04    8.1369437e+00
-2.0660631e-04    8.1519168e+00
-2.0782222e-04    8.1668899e+00
-2.0903594e-04    8.1818629e+00
-2.1024749e-04    8.1968360e+00
-2.1145688e-04    8.2118091e+00
-2.1266411e-04    8.2267822e+00
-2.1386920e-04    8.2417553e+00
-2.1507214e-04    8.2567284e+00
-2.1627295e-04    8.2717015e+00
-2.1747164e-04    8.2866745e+00
-2.1866822e-04    8.3016476e+00
-2.1986269e-04    8.3166207e+00
-2.2105505e-04    8.3315938e+00
-2.2224533e-04    8.3465669e+00
-2.2343352e-04    8.3615400e+00
-2.2461964e-04    8.3765131e+00
-2.2580369e-04    8.3914862e+00
-2.2698568e-04    8.4064592e+00
-2.2816562e-04    8.4214323e+00
-2.2934351e-04    8.4364054e+00
-2.3051936e-04    8.4513785e+00
-2.3169319e-04    8.4663516e+00
-2.3286499e-04    8.4813247e+00
-2.3403478e-04    8.4962978e+00
-2.3520256e-04    8.5112708e+00
-2.3636834e-04    8.5262439e+00
-2.3753213e-04    8.5412170e+00
-2.3869393e-04    8.5561901e+00
-2.3985375e-04    8.5711632e+00
-2.4101161e-04    8.5861363e+00
-2.4216750e-04    8.6011094e+00
-2.4332143e-04    8.6160824e+00
-2.4447342e-04    8.6310555e+00
-2.4562346e-04    8.6460286e+00
-2.4677157e-04    8.6610017e+00
-2.4791775e-04    8.6759748e+00
-2.4906201e-04    8.6909479e+00
-2.5020436e-04    8.7059210e+00
-2.5134480e-04    8.7208941e+00
-2.5248334e-04    8.7358671e+00
-2.5361998e-04    8.7508402e+00
-2.5475474e-04    8.7658133e+00
-2.5588762e-04    8.7807864e+00
-2.5701863e-04    8.7957595e+00
-2.5814777e-04    8.8107326e+00
-2.5927505e-04    8.8257057e+00
-2.6040048e-04    8.8406787e+00
-2.6152406e-04    8.8556518e+00
-2.6264581e-04    8.8706249e+00
-2.6376572e-04    8.8855980e+00
-2.6488380e-04    8.9005711e+00
-2.6600006e-04    8.9155442e+00
-2.6711451e-04    8.9305173e+00
-2.6822716e-04    8.9454904e+00
-2.6933800e-04    8.9604634e+00
-2.7044705e-04    8.9754365e+00
-2.7155431e-04    8.9904096e+00
-2.7265978e-04    9.0053827e+00
-2.7376349e-04    9.0203558e+00
-2.7486542e-04    9.0353289e+00
-2.7596559e-04    9.0503020e+00
-2.7706400e-04    9.0652750e+00
-2.7816067e-04    9.0802481e+00
-2.7925558e-04    9.0952212e+00
-2.8034876e-04    9.1101943e+00
-2.8144021e-04    9.1251674e+00
-2.8252993e-04    9.1401405e+00
-2.8361793e-04    9.1551136e+00
-2.8470422e-04    9.1700867e+00
-2.8578880e-04    9.1850597e+00
-2.8687167e-04    9.2000328e+00
-2.8795285e-04    9.2150059e+00
-2.8903234e-04    9.2299790e+00
-2.9011014e-04    9.2449521e+00
-2.9118627e-04    9.2599252e+00
-2.9226072e-04    9.2748983e+00
-2.9333350e-04    9.2898713e+00
-2.9440462e-04    9.3048444e+00
-2.9547408e-04    9.3198175e+00
-2.9654190e-04    9.3347906e+00
-2.9760806e-04    9.3497637e+00
-2.9867259e-04    9.3647368e+00
-2.9973549e-04    9.3797099e+00
-3.0079676e-04    9.3946829e+00
-3.0185640e-04    9.4096560e+00
-3.0291443e-04    9.4246291e+00
-3.0397084e-04    9.4396022e+00
-3.0502565e-04    9.4545753e+00
-3.0607886e-04    9.4695484e+00
-3.0713047e-04    9.4845215e+00
-3.0818050e-04    9.4994946e+00
-3.0922893e-04    9.5144676e+00
-3.1027579e-04    9.5294407e+00
-3.1132108e-04    9.5444138e+00
-3.1236479e-04    9.5593869e+00
-3.1340695e-04    9.5743600e+00
-3.1444754e-04    9.5893331e+00
-3.1548658e-04    9.6043062e+00
-3.1652407e-04    9.6192792e+00
-3.1756002e-04    9.6342523e+00
-3.1859444e-04    9.6492254e+00
-3.1962732e-04    9.6641985e+00
-3.2065867e-04    9.6791716e+00
-3.2168850e-04    9.6941447e+00
-3.2271681e-04    9.7091178e+00
-3.2374361e-04    9.7240909e+00
-3.2476891e-04    9.7390639e+00
-3.2579270e-04    9.7540370e+00
-3.2681499e-04    9.7690101e+00
-3.2783579e-04    9.7839832e+00
-3.2885511e-04    9.7989563e+00
-3.2987294e-04    9.8139294e+00
-3.3088929e-04    9.8289025e+00
-3.3190417e-04    9.8438755e+00
-3.3291758e-04    9.8588486e+00
-3.3392953e-04    9.8738217e+00
-3.3494002e-04    9.8887948e+00
-3.3594906e-04    9.9037679e+00
-3.3695664e-04    9.9187410e+00
-3.3796279e-04    9.9337141e+00
-3.3896749e-04    9.9486871e+00
-3.3997076e-04    9.9636602e+00
-3.4097259e-04    9.9786333e+00
-3.4197301e-04    9.9936064e+00
-3.4297200e-04    1.0008579e+01
-3.4396957e-04    1.0023553e+01
-3.4496573e-04    1.0038526e+01
-3.4596049e-04    1.0053499e+01
-3.4695384e-04    1.0068472e+01
-3.4794579e-04    1.0083445e+01
-3.4893635e-04    1.0098418e+01
-3.4992552e-04    1.0113391e+01
-3.5091331e-04    1.0128364e+01
-3.5189971e-04    1.0143337e+01
-3.5288474e-04    1.0158310e+01
-3.5386839e-04    1.0173283e+01
-3.5485068e-04    1.0188257e+01
-3.5583161e-04    1.0203230e+01
-3.5681118e-04    1.0218203e+01
-3.5778939e-04    1.0233176e+01
-3.5876625e-04    1.0248149e+01
-3.5974177e-04    1.0263122e+01
-3.6071594e-04    1.0278095e+01
-3.6168878e-04    1.0293068e+01
-3.6266029e-04    1.0308041e+01
-3.6363046e-04    1.0323014e+01
-3.6459931e-04    1.0337987e+01
-3.6556684e-04    1.0352960e+01
-3.6653306e-04    1.0367934e+01
-3.6749796e-04    1.0382907e+01
-3.6846155e-04    1.0397880e+01
-3.6942384e-04    1.0412853e+01
-3.7038483e-04    1.0427826e+01
-3.7134453e-04    1.0442799e+01
-3.7230293e-04    1.0457772e+01
-3.7326004e-04    1.0472745e+01
-3.7421587e-04    1.0487718e+01
-3.7517042e-04    1.0502691e+01
-3.7612370e-04    1.0517664e+01
-3.7707570e-04    1.0532638e+01
-3.7802644e-04    1.0547611e+01
-3.7897591e-04    1.0562584e+01
-3.7992412e-04    1.0577557e+01
-3.8087107e-04    1.0592530e+01
-3.8181678e-04    1.0607503e+01
-3.8276123e-04    1.0622476e+01
-3.8370444e-04    1.0637449e+01
-3.8464641e-04    1.0652422e+01
-3.8558714e-04    1.0667395e+01
-3.8652664e-04    1.0682368e+01
-3.8746491e-04    1.0697341e+01
-3.8840195e-04    1.0712315e+01
-3.8933777e-04    1.0727288e+01
-3.9027238e-04    1.0742261e+01
-3.9120577e-04    1.0757234e+01
-3.9213795e-04    1.0772207e+01
-3.9306892e-04    1.0787180e+01
-3.9399869e-04    1.0802153e+01
-3.9492726e-04    1.0817126e+01
-3.9585463e-04    1.0832099e+01
-3.9678081e-04    1.0847072e+01
-3.9770580e-04    1.0862045e+01
-3.9862961e-04    1.0877019e+01
-3.9955223e-04    1.0891992e+01
-4.0047368e-04    1.0906965e+01
-4.0139395e-04    1.0921938e+01
-4.0231306e-04    1.0936911e+01
-4.0323099e-04    1.0951884e+01
-4.0414776e-04    1.0966857e+01
-4.0506337e-04    1.0981830e+01
-4.0597783e-04    1.0996803e+01
-4.0689113e-04    1.1011776e+01
-4.0780328e-04    1.1026749e+01
-4.0871428e-04    1.1041722e+01
-4.0962415e-04    1.1056696e+01
-4.1053287e-04    1.1071669e+01
-4.1144045e-04    1.1086642e+01
-4.1234691e-04    1.1101615e+01
-4.1325223e-04    1.1116588e+01
-4.1415643e-04    1.1131561e+01
-4.1505950e-04    1.1146534e+01
-4.1596146e-04    1.1161507e+01
-4.1686230e-04    1.1176480e+01
-4.1776203e-04    1.1191453e+01
-4.1866065e-04    1.1206426e+01
-4.1955816e-04    1.1221400e+01
-4.2045457e-04    1.1236373e+01
-4.2134988e-04    1.1251346e+01
-4.2224409e-04    1.1266319e+01
-4.2313721e-04    1.1281292e+01
-4.2402924e-04    1.1296265e+01
-4.2492018e-04    1.1311238e+01
-4.2581005e-04    1.1326211e+01
-4.2669883e-04    1.1341184e+01
-4.2758653e-04    1.1356157e+01
-4.2847316e-04    1.1371130e+01
-4.2935872e-04    1.1386103e+01
-4.3024321e-04    1.1401077e+01
-4.3112663e-04    1.1416050e+01
-4.3200900e-04    1.1431023e+01
-4.3289031e-04    1.1445996e+01
-4.3377056e-04    1.1460969e+01
-4.3464976e-04    1.1475942e+01
-4.3552791e-04    1.1490915e+01
-4.3640502e-04    1.1505888e+01
-4.3728108e-04    1.1520861e+01
-4.3815610e-04    1.1535834e+01
-4.3903009e-04    1.1550807e+01
-4.3990304e-04    1.1565780e+01
-4.4077496e-04    1.1580754e+01
-4.4164585e-04    1.1595727e+01
-4.4251572e-04    1.1610700e+01
-4.4338456e-04    1.1625673e+01
-4.4425239e-04    1.1640646e+01
-4.4511920e-04    1.1655619e+01
-4.4598500e-04    1.1670592e+01
-4.4684979e-04    1.1685565e+01
-4.4771357e-04    1.1700538e+01
-4.4857635e-04    1.1715511e+01
-4.4943812e-04    1.1730484e+01
-4.5029890e-04    1.1745458e+01
-4.5115868e-04    1.1760431e+01
-4.5201746e-04    1.1775404e+01
-4.5287526e-04    1.1790377e+01
-4.5373207e-04    1.1805350e+01
-4.5458790e-04    1.1820323e+01
-4.5544274e-04    1.1835296e+01
-4.5629661e-04    1.1850269e+01
-4.5714950e-04    1.1865242e+01
-4.5800142e-04    1.1880215e+01
-4.5885236e-04    1.1895188e+01
-4.5970234e-04    1.1910161e+01
-4.6055135e-04    1.1925135e+01
-4.6139940e-04    1.1940108e+01
-4.6224650e-04    1.1955081e+01
-4.6309263e-04    1.1970054e+01
-4.6393781e-04    1.1985027e+01
-4.6478204e-04    1.2000000e+01
 0.0000000e+00    1.2050125e+01
 0.0000000e+00    1.2100251e+01
 0.0000000e+00    1.2150376e+01
 0.0000000e+00    1.2200501e+01
 0.0000000e+00    1.2250627e+01
 0.0000000e+00    1.2300752e+01
 0.0000000e+00    1.2350877e+01
 0.0000000e+00    1.2401003e+01
 0.0000000e+00    1.2451128e+01
 0.0000000e+00    1.2501253e+01
 0.0000000e+00    1.2551378e+01
 0.0000000e+00    1.2601504e+01
 0.0000000e+00    1.2651629e+01
 0.0000000e+00    1.2701754e+01
 0.0000000e+00    1.2751880e+01
 0.0000000e+00    1.2802005e+01
 0.0000000e+00    1.2852130e+01
 0.0000000e+00    1.2902256e+01
 0.0000000e+00    1.2952381e+01
 0.0000000e+00    1.3002506e+01
 0.0000000e+00    1.3052632e+01
 0.0000000e+00    1.3102757e+01
 0.0000000e+00    1.3152882e+01
 0.0000000e+00    1.3203008e+01
 0.0000000e+00    1.3253133e+01
 0.0000000e+00    1.3303258e+01
 0.0000000e+00    1.3353383e+01
 0.0000000e+00    1.3403509e+01
 0.0000000e+00    1.3453634e+01
 0.0000000e+00    1.3503759e+01
 0.0000000e+00    1.3553885e+01
 0.0000000e+00    1.3604010e+01
 0.0000000e+00    1.3654135e+01
 0.0000000e+00    1.3704261e+01
 0.0000000e+00    1.3754386e+01
 0.0000000e+00    1.3804511e+01
 0.0000000e+00    1.3854637e+01
 0.0000000e+00    1.3904762e+01
 0.0000000e+00    1.3954887e+01
 0.0000000e+00    1.4005013e+01
 0.0000000e+00    1.4055138e+01
 0.0000000e+00    1.4105263e+01
 0.0000000e+00    1.4155388e+01
 0.0000000e+00    1.4205514e+01
 0.0000000e+00    1.4255639e+01
 0.0000000e+00    1.4305764e+01
 0.0000000e+00    1.4355890e+01
 0.0000000e+00    1.4406015e+01
 0.0000000e+00    1.4456140e+01
 0.0000000e+00    1.4506266e+01
 0.0000000e+00    1.4556391e+01
 0.0000000e+00    1.4606516e+01
 0.0000000e+00    1.4656642e+01
 0.0000000e+00    1.4706767e+01
 0.0000000e+00    1.4756892e+01
 0.0000000e+00    1.4807018e+01
 0.0000000e+00    1.4857143e+01
 0.0000000e+00    1.4907268e+01
 0.0000000e+00    1.4957393e+01
 0.0000000e+00    1.5007519e+01
 0.0000000e+00    1.5057644e+01
 0.0000000e+00    1.5107769e+01
 0.0000000e+00    1.5157895e+01
 0.0000000e+00    1.5208020e+01
 0.0000000e+00    1.5258145e+01
 0.0000000e+00    1.5308271e+01
 0.0000000e+00    1.5358396e+01
 0.0000000e+00    1.5408521e+01
 0.0000000e+00    1.5458647e+01
 0.0000000e+00    1.5508772e+01
 0.0000000e+00    1.5558897e+01
 0.0000000e+00    1.5609023e+01
 0.0000000e+00    1.5659148e+01
 0.0000000e+00    1.5709273e+01
 0.0000000e+00    1.5759398e+01
 0.0000000e+00    1.5809524e+01
 0.0000000e+00    1.5859649e+01
 0.0000000e+00    1.5909774e+01
 0.0000000e+00    1.5959900e+01
 0.0000000e+00    1.6010025e+01
 0.0000000e+00    1.6060150e+01
 0.0000000e+00    1.6110276e+01
 0.0000000e+00    1.6160401e+01
 0.0000000e+00    1.6210526e+01
 0.0000000e+00    1.6260652e+01
 0.0000000e+00    1.6310777e+01
 0.0000000e+00    1.6360902e+01
 0.0000000e+00    1.6411028e+01
 0.0000000e+00    1.6461153e+01
 0.0000000e+00    1.6511278e+01
 0.0000000e+00    1.6561404e+01
 0.0000000e+00    1.6611529e+01
 0.0000000e+00    1.6661654e+01
 0.0000000e+00    1.6711779e+01
 0.0000000e+00    1.6761905e+01
 0.0000000e+00    1.6812030e+01
 0.0000000e+00    1.6862155e+01
 0.0000000e+00    1.6912281e+01
 0.0000000e+00    1.6962406e+01
 0.0000000e+00    1.7012531e+01
 0.0000000e+00    1.7062657e+01
 0.0000000e+00    1.7112782e+01
 0.0000000e+00    1.7162907e+01
 0.0000000e+00    1.7213033e+01
 0.0000000e+00    1.7263158e+01
 0.0000000e+00    1.7313283e+01
 0.0000000e+00    1.7363409e+01
 0.0000000e+00    1.7413534e+01
 0.0000000e+00    1.7463659e+01
 0.0000000e+00    1.7513784e+01
 0.0000000e+00    1.7563910e+01
 0.0000000e+00    1.7614035e+01
 0.0000000e+00    1.7664160e+01
 0.0000000e+00    1.7714286e+01
 0.0000000e+00    1.7764411e+01
 0.0000000e+00    1.7814536e+01
 0.0000000e+00    1.7864662e+01
 0.0000000e+00    1.7914787e+01
 0.0000000e+00    1.7964912e+01
 0.0000000e+00    1.8015038e+01
 0.0000000e+00    1.8065163e+01
 0.0000000e+00    1.8115288e+01
 0.0000000e+00    1.8165414e+01
 0.0000000e+00    1.8215539e+01
 0.0000000e+00    1.8265664e+01
 0.0000000e+00    1.8315789e+01
 0.0000000e+00    1.8365915e+01
 0.0000000e+00    1.8416040e+01
 0.0000000e+00    1.8466165e+01
 0.0000000e+00    1.8516291e+01
 0.0000000e+00    1.8566416e+01
 0.0000000e+00    1.8616541e+01
 0.0000000e+00    1.8666667e+01
 0.0000000e+00    1.8716792e+01
 0.0000000e+00    1.8766917e+01
 0.0000000e+00    1.8817043e+01
 0.0000000e+00    1.8867168e+01
 0.0000000e+00    1.8917293e+01
 0.0000000e+00    1.8967419e+01
 0.0000000e+00    1.9017544e+01
 0.0000000e+00    1.9067669e+01
 0.0000000e+00    1.9117794e+01
 0.0000000e+00    1.9167920e+01
 0.0000000e+00    1.9218045e+01
 0.0000000e+00    1.9268170e+01
 0.0000000e+00    1.9318296e+01
 0.0000000e+00    1.9368421e+01
 0.0000000e+00    1.9418546e+01
 0.0000000e+00    1.9468672e+01
 0.0000000e+00    1.9518797e+01
 0.0000000e+00    1.9568922e+01
 0.0000000e+00    1.9619048e+01
 0.0000000e+00    1.9669173e+01
 0.0000000e+00    1.9719298e+01
 0.0000000e+00    1.9769424e+01
 0.0000000e+00    1.9819549e+01
 0.0000000e+00    1.9869674e+01
 0.0000000e+00    1.9919799e+01
 0.0000000e+00    1.9969925e+01
 0.0000000e+00    2.0020050e+01
 0.0000000e+00    2.0070175e+01
 0.0000000e+00    2.0120301e+01
 0.0000000e+00    2.0170426e+01
 0.0000000e+00    2.0220551e+01
 0.0000000e+00    2.0270677e+01
 0.0000000e+00    2.0320802e+01
 0.0000000e+00    2.0370927e+01
 0.0000000e+00    2.0421053e+01
 0.0000000e+00    2.0471178e+01
 0.0000000e+00    2.0521303e+01
 0.0000000e+00    2.0571429e+01
 0.0000000e+00    2.0621554e+01
 0.0000000e+00    2.0671679e+01
 0.0000000e+00    2.0721805e+01
 0.0000000e+00    2.0771930e+01
 0.0000000e+00    2.0822055e+01
 0.0000000e+00    2.0872180e+01
 0.0000000e+00    2.0922306e+01
 0.0000000e+00    2.0972431e+01
 0.0000000e+00    2.1022556e+01
 0.0000000e+00    2.1072682e+01
 0.0000000e+00    2.1122807e+01
 0.0000000e+00    2.1172932e+01
 0.0000000e+00    2.1223058e+01
 0.0000000e+00    2.1273183e+01
 0.0000000e+00    2.1323308e+01
 0.0000000e+00    2.1373434e+01
 0.0000000e+00    2.1423559e+01
 0.0000000e+00    2.1473684e+01
 0.0000000e+00    2.1523810e+01
 0.0000000e+00    2.1573935e+01
 0.0000000e+00    2.1624060e+01
 0.0000000e+00    2.1674185e+01
 0.0000000e+00    2.1724311e+01
 0.0000000e+00    2.1774436e+01
 0.0000000e+00    2.1824561e+01
 0.0000000e+00    2.1874687e+01
 0.0000000e+00    2.1924812e+01
 0.0000000e+00    2.1974937e+01
 0.0000000e+00    2.2025063e+01
 0.0000000e+00    2.2075188e+01
 0.0000000e+00    2.2125313e+01
 0.0000000e+00    2.2175439e+01
 0.0000000e+00    2.2225564e+01
 0.0000000e+00    2.2275689e+01
 0.0000000e+00    2.2325815e+01
 0.0000000e+00    2.2375940e+01
 0.0000000e+00    2.2426065e+01
 0.0000000e+00    2.2476190e+01
 0.0000000e+00    2.2526316e+01
 0.0000000e+00    2.2576441e+01
 0.0000000e+00    2.2626566e+01
 0.0000000e+00    2.2676692e+01
 0.0000000e+00    2.2726817e+01
 0.0000000e+00    2.2776942e+01
 0.0000000e+00    2.2827068e+01
 0.0000000e+00    2.2877193e+01
 0.0000000e+00    2.2927318e+01
 0.0000000e+00    2.2977444e+01
 0.0000000e+00    2.3027569e+01
 0.0000000e+00    2.3077694e+01
 0.0000000e+00    2.3127820e+01
 0.0000000e+00    2.3177945e+01
 0.0000000e+00    2.3228070e+01
 0.0000000e+00    2.3278195e+01
 0.0000000e+00    2.3328321e+01
 0.0000000e+00    2.3378446e+01
 0.0000000e+00    2.3428571e+01
 0.0000000e+00    2.3478697e+01
 0.0000000e+00    2.3528822e+01
 0.0000000e+00    2.3578947e+01
 0.0000000e+00    2.3629073e+01
 0.0000000e+00    2.3679198e+01
 0.0000000e+00    2.3729323e+01
 0.0000000e+00    2.3779449e+01
 0.0000000e+00    2.3829574e+01
 0.0000000e+00    2.3879699e+01
 0.0000000e+00    2.3929825e+01
 0.0000000e+00    2.3979950e+01
 0.0000000e+00    2.4030075e+01
 0.0000000e+00    2.4080201e+01
 0.0000000e+00    2.4130326e+01
 0.0000000e+00    2.4180451e+01
 0.0000000e+00    2.4230576e+01
 0.0000000e+00    2.4280702e+01
 0.0000000e+00    2.4330827e+01
 0.0000000e+00    2.4380952e+01
 0.0000000e+00    2.4431078e+01
 0.0000000e+00    2.4481203e+01
 0.0000000e+00    2.4531328e+01
 0.0000000e+00    2.4581454e+01
 0.0000000e+00    2.4631579e+01
 0.0000000e+00    2.4681704e+01
 0.0000000e+00    2.4731830e+01
 0.0000000e+00    2.4781955e+01
 0.0000000e+00    2.4832080e+01
 0.0000000e+00    2.4882206e+01
 0.0000000e+00    2.4932331e+01
 0.0000000e+00    2.4982456e+01
 0.0000000e+00    2.5032581e+01
 0.0000000e+00    2.5082707e+01
 0.0000000e+00    2.5132832e+01
 0.0000000e+00    2.5182957e+01
 0.0000000e+00    2.5233083e+01
 0.0000000e+00    2.5283208e+01
 0.0000000e+00    2.5333333e+01
 0.0000000e+00    2.5383459e+01
 0.0000000e+00    2.5433584e+01
 0.0000000e+00    2.5483709e+01
 0.0000000e+00    2.5533835e+01
 0.0000000e+00    2.5583960e+01
 0.0000000e+00    2.5634085e+01
 0.0000000e+00    2.5684211e+01
 0.0000000e+00    2.5734336e+01
 0.0000000e+00    2.5784461e+01
 0.0000000e+00    2.5834586e+01
 0.0000000e+00    2.5884712e+01
 0.0000000e+00    2.5934837e+01
 0.0000000e+00    2.5984962e+01
 0.0000000e+00    2.6035088e+01
 0.0000000e+00    2.6085213e+01
 0.0000000e+00    2.6135338e+01
 0.0000000e+00    2.6185464e+01
 0.0000000e+00    2.6235589e+01
 0.0000000e+00    2.6285714e+01
 0.0000000e+00    2.6335840e+01
 0.0000000e+00    2.6385965e+01
 0.0000000e+00    2.6436090e+01
 0.0000000e+00    2.6486216e+01
 0.0000000e+00    2.6536341e+01
 0.0000000e+00    2.6586466e+01
 0.0000000e+00    2.6636591e+01
 0.0000000e+00    2.6686717e+01
 0.0000000e+00    2.6736842e+01
 0.0000000e+00    2.6786967e+01
 0.0000000e+00    2.6837093e+01
 0.0000000e+00    2.6887218e+01
 0.0000000e+00    2.6937343e+01
 0.0000000e+00    2.6987469e+01
 0.0000000e+00    2.7037594e+01
 0.0000000e+00    2.7087719e+01
 0.0000000e+00    2.7137845e+01
 0.0000000e+00    2.7187970e+01
 0.0000000e+00    2.7238095e+01
 0.0000000e+00    2.7288221e+01
 0.0000000e+00    2.7338346e+01
 0.0000000e+00    2.7388471e+01
 0.0000000e+00    2.7438596e+01
 0.0000000e+00    2.7488722e+01
 0.0000000e+00    2.7538847e+01
 0.0000000e+00    2.7588972e+01
 0.0000000e+00    2.7639098e+01
 0.0000000e+00    2.7689223e+01
 0.0000000e+00    2.7739348e+01
 0.0000000e+00    2.7789474e+01
 0.0000000e+00    2.7839599e+01
 0.0000000e+00    2.7889724e+01
 0.0000000e+00    2.7939850e+01
 0.0000000e+00    2.7989975e+01
 0.0000000e+00    2.8040100e+01
 0.0000000e+00    2.8090226e+01
 0.0000000e+00    2.8140351e+01
 0.0000000e+00    2.8190476e+01
 0.0000000e+00    2.8240602e+01
 0.0000000e+00    2.8290727e+01
 0.0000000e+00    2.8340852e+01
 0.0000000e+00    2.8390977e+01
 0.0000000e+00    2.8441103e+01
 0.0000000e+00    2.8491228e+01
 0.0000000e+00    2.8541353e+01
 0.0000000e+00    2.8591479e+01
 0.0000000e+00    2.8641604e+01
 0.0000000e+00    2.8691729e+01
 0.0000000e+00    2.8741855e+01
 0.0000000e+00    2.8791980e+01
 0.0000000e+00    2.8842105e+01
 0.0000000e+00    2.8892231e+01
 0.0000000e+00    2.8942356e+01
 0.0000000e+00    2.8992481e+01
 0.0000000e+00    2.9042607e+01
 0.0000000e+00    2.9092732e+01
 0.0000000e+00    2.9142857e+01
 0.0000000e+00    2.9192982e+01
 0.0000000e+00    2.9243108e+01
 0.0000000e+00    2.9293233e+01
 0.0000000e+00    2.9343358e+01
 0.0000000e+00    2.9393484e+01
 0.0000000e+00    2.9443609e+01
 0.0000000e+00    2.9493734e+01
 0.0000000e+00    2.9543860e+01
 0.0000000e+00    2.9593985e+01
 0.0000000e+00    2.9644110e+01
 0.0000000e+00    2.9694236e+01
 0.0000000e+00    2.9744361e+01
 0.0000000e+00    2.9794486e+01
 0.0000000e+00    2.9844612e+01
 0.0000000e+00    2.9894737e+01
 0.0000000e+00    2.9944862e+01
 0.0000000e+00    2.9994987e+01
 0.0000000e+00    3.0045113e+01
 0.0000000e+00    3.0095238e+01
 0.0000000e+00    3.0145363e+01
 0.0000000e+00    3.0195489e+01
 0.0000000e+00    3.0245614e+01
 0.0000000e+00    3.0295739e+01
 0.0000000e+00    3.0345865e+01
 0.0000000e+00    3.0395990e+01
 0.0000000e+00    3.0446115e+01
 0.0000000e+00    3.0496241e+01
 0.0000000e+00    3.0546366e+01
 0.0000000e+00    3.0596491e+01
 0.0000000e+00    3.0646617e+01
 0.0000000e+00    3.0696742e+01
 0.0000000e+00    3.0746867e+01
 0.0000000e+00    3.0796992e+01
 0.0000000e+00    3.0847118e+01
 0.0000000e+00    3.0897243e+01
 0.0000000e+00    3.0947368e+01
 0.0000000e+00    3.0997494e+01
 0.0000000e+00    3.1047619e+01
 0.0000000e+00    3.1097744e+01
 0.0000000e+00    3.1147870e+01
 0.0000000e+00    3.1197995e+01
 0.0000000e+00    3.1248120e+01
 0.0000000e+00    3.1298246e+01
 0.0000000e+00    3.1348371e+01
 0.0000000e+00    3.1398496e+01
 0.0000000e+00    3.1448622e+01
 0.0000000e+00    3.1498747e+01
 0.0000000e+00    3.1548872e+01
 0.0000000e+00    3.1598997e+01
 0.0000000e+00    3.1649123e+01
 0.0000000e+00    3.1699248e+01
 0.0000000e+00    3.1749373e+01
 0.0000000e+00    3.1799499e+01
 0.0000000e+00    3.1849624e+01
 0.0000000e+00    3.1899749e+01
 0.0000000e+00    3.1949875e+01
 0.0000000e+00    3.2000000e+01
